   3.200001E+02    5.566542E+01    7.331645E+01
   2.650000E+02    5.187194E+01    6.572982E+01
   2.290000E+02    4.885716E+01    6.074962E+01
   1.940000E+02    4.534111E+01    5.581270E+01
   1.590000E+02    4.103254E+01    5.062582E+01
   1.320000E+02    3.699279E+01    4.626597E+01
   1.150000E+02    3.405583E+01    4.324345E+01
   9.699999E+01    3.056634E+01    3.968808E+01
   7.900001E+01    2.665234E+01    3.561391E+01
   6.600000E+01    2.355146E+01    3.223063E+01
   5.700000E+01    2.127063E+01    2.961093E+01
   4.900000E+01    1.915319E+01    2.705285E+01
   4.000000E+01    1.667126E+01    2.387037E+01
   3.300000E+01    1.466541E+01    2.113299E+01
   2.750000E+01    1.303650E+01    1.879330E+01
   2.250000E+01    1.150343E+01    1.649769E+01
   1.880000E+01    1.032368E+01    1.467737E+01
   1.620000E+01    9.461328E+00    1.332477E+01
   1.370000E+01    8.595385E+00    1.195553E+01
   1.120000E+01    7.678624E+00    1.050287E+01
   9.400000E+00    6.974642E+00    9.390752E+00
   8.100000E+00    6.435505E+00    8.543190E+00
   6.900000E+00    5.908533E+00    7.719128E+00
   5.600000E+00    5.296989E+00    6.768912E+00
   4.700000E+00    4.841656E+00    6.066324E+00
   4.100000E+00    4.519476E+00    5.572397E+00
   3.400000E+00    4.119547E+00    4.964378E+00
   2.810000E+00    3.756247E+00    4.419185E+00
   2.340000E+00    3.443506E+00    3.957916E+00
   2.030000E+00    3.222042E+00    3.637338E+00
   1.720000E+00    2.984651E+00    3.300575E+00
   1.410000E+00    2.726299E+00    2.943521E+00
   1.170000E+00    2.506878E+00    2.649562E+00
   1.020000E+00    2.358047E+00    2.456390E+00
   8.600000E-01    2.185516E+00    2.240769E+00
   7.000000E-01    1.992229E+00    2.012672E+00
   5.900000E-01    1.841197E+00    1.845448E+00
   5.100000E-01    1.718019E+00    1.715454E+00
   4.300000E-01    1.580019E+00    1.574297E+00
   3.500000E-01    1.423696E+00    1.415380E+00
   2.930000E-01    1.299671E+00    1.285566E+00
   2.540000E-01    1.208692E+00    1.185678E+00
   2.150000E-01    1.113215E+00    1.074419E+00
   1.760000E-01    1.014119E+00    9.495876E-01
   1.460000E-01    9.361449E-01    8.430428E-01
   1.270000E-01    8.861806E-01    7.704720E-01
   1.070000E-01    8.330414E-01    6.896984E-01
   8.800000E-02    7.816307E-01    6.088320E-01
   7.300000E-02    7.396863E-01    5.422641E-01
   6.300001E-02    7.104357E-01    4.966414E-01
   5.400000E-02    6.825955E-01    4.548029E-01
   4.400000E-02    6.488768E-01    4.075378E-01
   3.700000E-02    6.224425E-01    3.740122E-01
   3.200000E-02    6.013349E-01    3.498509E-01
   2.690000E-02    5.769751E-01    3.249991E-01
   2.200000E-02    5.495780E-01    3.008457E-01
   1.830000E-02    5.249925E-01    2.823005E-01
   1.590000E-02    5.064426E-01    2.700207E-01
   1.340000E-02    4.840626E-01    2.568672E-01
   1.100000E-02    4.584675E-01    2.436415E-01
   9.199999E-03    4.355058E-01    2.330529E-01
   7.900001E-03    4.161158E-01    2.248128E-01
   6.700001E-03    3.953796E-01    2.165129E-01
   5.500000E-03    3.709338E-01    2.071732E-01
   4.600001E-03    3.492525E-01    1.991008E-01
   4.000001E-03    3.326480E-01    1.929528E-01
   3.400000E-03    3.137842E-01    1.859197E-01
   2.750000E-03    2.899648E-01    1.768465E-01
   2.290000E-03    2.702288E-01    1.690704E-01
   1.980000E-03    2.551266E-01    1.629113E-01
   1.680000E-03    2.387193E-01    1.559743E-01
   1.370000E-03    2.193506E-01    1.474040E-01
   1.140000E-03    2.028760E-01    1.397452E-01
