   3.200001E+02    5.814097E+01    7.405210E+01
   2.650000E+02    5.301074E+01    6.652551E+01
   2.290000E+02    4.925147E+01    6.138089E+01
   1.940000E+02    4.517587E+01    5.613764E+01
   1.590000E+02    4.054240E+01    5.053775E+01
   1.320000E+02    3.646161E+01    4.584355E+01
   1.150000E+02    3.360510E+01    4.264144E+01
   9.699999E+01    3.028741E+01    3.895973E+01
   7.900001E+01    2.661317E+01    3.486641E+01
   6.600000E+01    2.370023E+01    3.156044E+01
   5.700000E+01    2.153774E+01    2.904657E+01
   4.900000E+01    1.950272E+01    2.661948E+01
   4.000000E+01    1.706790E+01    2.362144E+01
   3.300000E+01    1.504745E+01    2.104461E+01
   2.750000E+01    1.336386E+01    1.882858E+01
   2.250000E+01    1.174191E+01    1.662693E+01
   1.880000E+01    1.047281E+01    1.485095E+01
   1.620000E+01    9.539136E+00    1.350884E+01
   1.370000E+01    8.603479E+00    1.212822E+01
   1.120000E+01    7.624619E+00    1.063957E+01
   9.400000E+00    6.888037E+00    9.486228E+00
   8.100000E+00    6.335834E+00    8.602485E+00
   6.900000E+00    5.807280E+00    7.742561E+00
   5.600000E+00    5.207656E+00    6.754814E+00
   4.700000E+00    4.769544E+00    6.030359E+00
   4.100000E+00    4.462742E+00    5.525406E+00
   3.400000E+00    4.083982E+00    4.909777E+00
   2.810000E+00    3.740140E+00    4.363889E+00
   2.340000E+00    3.442859E+00    3.906600E+00
   2.030000E+00    3.230957E+00    3.591113E+00
   1.720000E+00    3.002067E+00    3.261543E+00
   1.410000E+00    2.750417E+00    2.913859E+00
   1.170000E+00    2.534186E+00    2.628526E+00
   1.020000E+00    2.386073E+00    2.441127E+00
   8.600000E-01    2.212961E+00    2.231589E+00
   7.000000E-01    2.017712E+00    2.008878E+00
   5.900000E-01    1.864825E+00    1.844590E+00
   5.100000E-01    1.740341E+00    1.716310E+00
   4.300000E-01    1.601330E+00    1.576728E+00
   3.500000E-01    1.444386E+00    1.419786E+00
   2.930000E-01    1.319936E+00    1.292112E+00
   2.540000E-01    1.228396E+00    1.194258E+00
   2.150000E-01    1.131801E+00    1.085593E+00
   1.760000E-01    1.030565E+00    9.639072E-01
   1.460000E-01    9.498182E-01    8.600627E-01
   1.270000E-01    8.973476E-01    7.892346E-01
   1.070000E-01    8.406877E-01    7.101791E-01
   8.800000E-02    7.847818E-01    6.305729E-01
   7.300000E-02    7.382207E-01    5.643815E-01
   6.300001E-02    7.052441E-01    5.184145E-01
   5.400000E-02    6.735653E-01    4.755766E-01
   4.400000E-02    6.350957E-01    4.259846E-01
   3.700000E-02    6.051855E-01    3.896804E-01
   3.200000E-02    5.816889E-01    3.627201E-01
   2.690000E-02    5.552138E-01    3.341095E-01
   2.200000E-02    5.264688E-01    3.052907E-01
   1.830000E-02    5.017029E-01    2.824344E-01
   1.590000E-02    4.836620E-01    2.669814E-01
   1.340000E-02    4.625849E-01    2.502390E-01
   1.100000E-02    4.392898E-01    2.333918E-01
   9.199999E-03    4.189909E-01    2.201070E-01
   7.900001E-03    4.021873E-01    2.100496E-01
   6.700001E-03    3.844607E-01    2.002983E-01
   5.500000E-03    3.637571E-01    1.899115E-01
   4.600001E-03    3.454564E-01    1.815029E-01
   4.000001E-03    3.314163E-01    1.754602E-01
   3.400000E-03    3.153833E-01    1.689081E-01
   2.750000E-03    2.949297E-01    1.609503E-01
   2.290000E-03    2.777377E-01    1.544837E-01
   1.980000E-03    2.643954E-01    1.495331E-01
   1.680000E-03    2.496874E-01    1.440832E-01
   1.370000E-03    2.320032E-01    1.374592E-01
   1.140000E-03    2.166578E-01    1.315769E-01
