   3.200001E+02    5.651438E+01    7.379306E+01
   2.650000E+02    5.231928E+01    6.621612E+01
   2.290000E+02    4.906874E+01    6.116091E+01
   1.940000E+02    4.537453E+01    5.608598E+01
   1.590000E+02    4.097672E+01    5.071069E+01
   1.320000E+02    3.695602E+01    4.620034E+01
   1.150000E+02    3.407612E+01    4.310232E+01
   9.699999E+01    3.067989E+01    3.950483E+01
   7.900001E+01    2.687406E+01    3.544881E+01
   6.600000E+01    2.383888E+01    3.212451E+01
   5.700000E+01    2.158433E+01    2.956696E+01
   4.900000E+01    1.946891E+01    2.707416E+01
   4.000000E+01    1.695766E+01    2.396675E+01
   3.300000E+01    1.490257E+01    2.127820E+01
   2.750000E+01    1.321944E+01    1.896243E+01
   2.250000E+01    1.162898E+01    1.667068E+01
   1.880000E+01    1.040634E+01    1.483904E+01
   1.620000E+01    9.516791E+00    1.347084E+01
   1.370000E+01    8.629421E+00    1.208167E+01
   1.120000E+01    7.697583E+00    1.060675E+01
   9.400000E+00    6.986596E+00    9.479541E+00
   8.100000E+00    6.443464E+00    8.622706E+00
   6.900000E+00    5.912336E+00    7.791642E+00
   5.600000E+00    5.293921E+00    6.834900E+00
   4.700000E+00    4.831288E+00    6.127156E+00
   4.100000E+00    4.502855E+00    5.628526E+00
   3.400000E+00    4.094508E+00    5.012491E+00
   2.810000E+00    3.724006E+00    4.457274E+00
   2.340000E+00    3.406584E+00    3.985174E+00
   2.030000E+00    3.183280E+00    3.655928E+00
   1.720000E+00    2.945690E+00    3.309364E+00
   1.410000E+00    2.689446E+00    2.941589E+00
   1.170000E+00    2.473824E+00    2.638835E+00
   1.020000E+00    2.328741E+00    2.439979E+00
   8.600000E-01    2.161991E+00    2.218256E+00
   7.000000E-01    1.977388E+00    1.984622E+00
   5.900000E-01    1.834778E+00    1.814927E+00
   5.100000E-01    1.719189E+00    1.684783E+00
   4.300000E-01    1.589735E+00    1.545953E+00
   3.500000E-01    1.441823E+00    1.393082E+00
   2.930000E-01    1.322356E+00    1.270362E+00
   2.540000E-01    1.232951E+00    1.176579E+00
   2.150000E-01    1.137118E+00    1.072028E+00
   1.760000E-01    1.035192E+00    9.537153E-01
   1.460000E-01    9.531891E-01    8.512564E-01
   1.270000E-01    8.999020E-01    7.804578E-01
   1.070000E-01    8.427800E-01    7.005544E-01
   8.800000E-02    7.873778E-01    6.193010E-01
   7.300000E-02    7.424020E-01    5.514228E-01
   6.300001E-02    7.113479E-01    5.043738E-01
   5.400000E-02    6.821557E-01    4.608504E-01
   4.400000E-02    6.474041E-01    4.112623E-01
   3.700000E-02    6.206774E-01    3.758433E-01
   3.200000E-02    5.996627E-01    3.502157E-01
   2.690000E-02    5.757396E-01    3.238035E-01
   2.200000E-02    5.491876E-01    2.981456E-01
   1.830000E-02    5.256011E-01    2.785256E-01
   1.590000E-02    5.079084E-01    2.656212E-01
   1.340000E-02    4.866334E-01    2.519290E-01
   1.100000E-02    4.623391E-01    2.383660E-01
   9.199999E-03    4.405296E-01    2.277103E-01
   7.900001E-03    4.220729E-01    2.195711E-01
   6.700001E-03    4.022719E-01    2.115220E-01
   5.500000E-03    3.788197E-01    2.026430E-01
   4.600001E-03    3.579009E-01    1.951050E-01
   4.000001E-03    3.417950E-01    1.894318E-01
   3.400000E-03    3.234001E-01    1.829932E-01
   2.750000E-03    3.000138E-01    1.747321E-01
   2.290000E-03    2.804950E-01    1.676605E-01
   1.980000E-03    2.654687E-01    1.620482E-01
   1.680000E-03    2.490530E-01    1.557021E-01
   1.370000E-03    2.295504E-01    1.478112E-01
   1.140000E-03    2.128549E-01    1.407018E-01
