   3.200001E+02    5.644610E+01    7.210322E+01
   2.650000E+02    5.267394E+01    6.512284E+01
   2.290000E+02    4.956263E+01    6.045975E+01
   1.940000E+02    4.589034E+01    5.573758E+01
   1.590000E+02    4.140499E+01    5.064970E+01
   1.320000E+02    3.725642E+01    4.628658E+01
   1.150000E+02    3.428182E+01    4.323687E+01
   9.699999E+01    3.078821E+01    3.964879E+01
   7.900001E+01    2.690608E+01    3.556212E+01
   6.600000E+01    2.384043E+01    3.219893E+01
   5.700000E+01    2.158047E+01    2.961306E+01
   4.900000E+01    1.947109E+01    2.709965E+01
   4.000000E+01    1.697547E+01    2.398093E+01
   3.300000E+01    1.493303E+01    2.129662E+01
   2.750000E+01    1.325395E+01    1.899288E+01
   2.250000E+01    1.165694E+01    1.671605E+01
   1.880000E+01    1.042034E+01    1.489368E+01
   1.620000E+01    9.516042E+00    1.352795E+01
   1.370000E+01    8.611689E+00    1.213532E+01
   1.120000E+01    7.662624E+00    1.064881E+01
   9.400000E+00    6.941557E+00    9.507149E+00
   8.100000E+00    6.393962E+00    8.636528E+00
   6.900000E+00    5.862146E+00    7.790373E+00
   5.600000E+00    5.248640E+00    6.815276E+00
   4.700000E+00    4.794476E+00    6.094459E+00
   4.100000E+00    4.474869E+00    5.587732E+00
   3.400000E+00    4.080852E+00    4.964258E+00
   2.810000E+00    3.726208E+00    4.406298E+00
   2.340000E+00    3.423704E+00    3.936139E+00
   2.030000E+00    3.210943E+00    3.611176E+00
   1.720000E+00    2.983854E+00    3.272161E+00
   1.410000E+00    2.736994E+00    2.916288E+00
   1.170000E+00    2.526385E+00    2.626686E+00
   1.020000E+00    2.382300E+00    2.438129E+00
   8.600000E-01    2.213353E+00    2.229067E+00
   7.000000E-01    2.021144E+00    2.008809E+00
   5.900000E-01    1.868873E+00    1.847152E+00
   5.100000E-01    1.743644E+00    1.720906E+00
   4.300000E-01    1.602645E+00    1.582914E+00
   3.500000E-01    1.442504E+00    1.426299E+00
   2.930000E-01    1.315353E+00    1.297479E+00
   2.540000E-01    1.222065E+00    1.197928E+00
   2.150000E-01    1.124128E+00    1.086693E+00
   1.760000E-01    1.022386E+00    9.615019E-01
   1.460000E-01    9.422266E-01    8.543284E-01
   1.270000E-01    8.908102E-01    7.811417E-01
   1.070000E-01    8.360992E-01    6.994776E-01
   8.800000E-02    7.831862E-01    6.174695E-01
   7.300000E-02    7.400918E-01    5.497431E-01
   6.300001E-02    7.101226E-01    5.031956E-01
   5.400000E-02    6.816954E-01    4.604044E-01
   4.400000E-02    6.474322E-01    4.119309E-01
   3.700000E-02    6.207207E-01    3.774573E-01
   3.200000E-02    5.994917E-01    3.525660E-01
   2.690000E-02    5.750988E-01    3.269261E-01
   2.200000E-02    5.477879E-01    3.019815E-01
   1.830000E-02    5.233723E-01    2.828282E-01
   1.590000E-02    5.049961E-01    2.701577E-01
   1.340000E-02    4.828641E-01    2.566114E-01
   1.100000E-02    4.575871E-01    2.430391E-01
   9.199999E-03    4.349268E-01    2.322268E-01
   7.900001E-03    4.157942E-01    2.238568E-01
   6.700001E-03    3.953286E-01    2.154725E-01
   5.500000E-03    3.711871E-01    2.060975E-01
   4.600001E-03    3.497558E-01    1.980445E-01
   4.000001E-03    3.333267E-01    1.919391E-01
   3.400000E-03    3.146428E-01    1.849792E-01
   2.750000E-03    2.910175E-01    1.760297E-01
   2.290000E-03    2.714119E-01    1.683765E-01
   1.980000E-03    2.563897E-01    1.623207E-01
   1.680000E-03    2.400491E-01    1.555019E-01
   1.370000E-03    2.207316E-01    1.470755E-01
   1.140000E-03    2.042764E-01    1.395394E-01
