   3.200001E+02    5.684579E+01    7.383637E+01
   2.650000E+02    5.242144E+01    6.628229E+01
   2.290000E+02    4.903952E+01    6.120914E+01
   1.940000E+02    4.524074E+01    5.609007E+01
   1.590000E+02    4.077314E+01    5.064471E+01
   1.320000E+02    3.673399E+01    4.606579E+01
   1.150000E+02    3.386450E+01    4.292170E+01
   9.699999E+01    3.050327E+01    3.927871E+01
   7.900001E+01    2.676205E+01    3.519081E+01
   6.600000E+01    2.379338E+01    3.186259E+01
   5.700000E+01    2.159328E+01    2.931875E+01
   4.900000E+01    1.952903E+01    2.685479E+01
   4.000000E+01    1.707092E+01    2.380516E+01
   3.300000E+01    1.504330E+01    2.118406E+01
   2.750000E+01    1.336246E+01    1.893461E+01
   2.250000E+01    1.174884E+01    1.670773E+01
   1.880000E+01    1.048749E+01    1.491870E+01
   1.620000E+01    9.558321E+00    1.357102E+01
   1.370000E+01    8.624572E+00    1.218771E+01
   1.120000E+01    7.643499E+00    1.069792E+01
   9.400000E+00    6.901868E+00    9.543440E+00
   8.100000E+00    6.344028E+00    8.657767E+00
   6.900000E+00    5.808917E+00    7.794497E+00
   5.600000E+00    5.201217E+00    6.800572E+00
   4.700000E+00    4.757471E+00    6.069793E+00
   4.100000E+00    4.447241E+00    5.559534E+00
   3.400000E+00    4.065237E+00    4.936547E+00
   2.810000E+00    3.719712E+00    4.383538E+00
   2.340000E+00    3.422090E+00    3.920101E+00
   2.030000E+00    3.210583E+00    3.600399E+00
   1.720000E+00    2.982721E+00    3.266526E+00
   1.410000E+00    2.733017E+00    2.914533E+00
   1.170000E+00    2.519265E+00    2.626142E+00
   1.020000E+00    2.373241E+00    2.437270E+00
   8.600000E-01    2.202690E+00    2.226951E+00
   7.000000E-01    2.009722E+00    2.004677E+00
   5.900000E-01    1.857516E+00    1.841311E+00
   5.100000E-01    1.732656E+00    1.713615E+00
   4.300000E-01    1.592409E+00    1.573855E+00
   3.500000E-01    1.433790E+00    1.414965E+00
   2.930000E-01    1.308690E+00    1.284230E+00
   2.540000E-01    1.217584E+00    1.183392E+00
   2.150000E-01    1.122692E+00    1.071188E+00
   1.760000E-01    1.024990E+00    9.458420E-01
   1.460000E-01    9.485594E-01    8.395917E-01
   1.270000E-01    8.996696E-01    7.677025E-01
   1.070000E-01    8.475814E-01    6.881985E-01
   8.800000E-02    7.968687E-01    6.091730E-01
   7.300000E-02    7.550372E-01    5.445552E-01
   6.300001E-02    7.255011E-01    5.004883E-01
   5.400000E-02    6.970376E-01    4.602181E-01
   4.400000E-02    6.620426E-01    4.148473E-01
   3.700000E-02    6.341997E-01    3.826880E-01
   3.200000E-02    6.117366E-01    3.594704E-01
   2.690000E-02    5.856197E-01    3.354878E-01
   2.200000E-02    5.561096E-01    3.120064E-01
   1.830000E-02    5.295939E-01    2.938274E-01
   1.590000E-02    5.095838E-01    2.817212E-01
   1.340000E-02    4.854054E-01    2.686995E-01
   1.100000E-02    4.576119E-01    2.555123E-01
   9.199999E-03    4.324618E-01    2.447601E-01
   7.900001E-03    4.110452E-01    2.361105E-01
   6.700001E-03    3.880124E-01    2.269536E-01
   5.500000E-03    3.608685E-01    2.158730E-01
   4.600001E-03    3.370582E-01    2.055037E-01
   4.000001E-03    3.191717E-01    1.971269E-01
   3.400000E-03    2.993909E-01    1.871433E-01
   2.750000E-03    2.754595E-01    1.739274E-01
   2.290000E-03    2.566476E-01    1.626255E-01
   1.980000E-03    2.429024E-01    1.538824E-01
   1.680000E-03    2.285882E-01    1.444009E-01
   1.370000E-03    2.124400E-01    1.333709E-01
   1.140000E-03    1.992334E-01    1.242329E-01
