   3.200001E+02    5.691229E+01    7.420434E+01
   2.650000E+02    5.259434E+01    6.653113E+01
   2.290000E+02    4.929242E+01    6.141109E+01
   1.940000E+02    4.557004E+01    5.627978E+01
   1.590000E+02    4.116098E+01    5.086306E+01
   1.320000E+02    3.713614E+01    4.633564E+01
   1.150000E+02    3.425134E+01    4.323387E+01
   9.699999E+01    3.084436E+01    3.963672E+01
   7.900001E+01    2.701925E+01    3.558184E+01
   6.600000E+01    2.396418E+01    3.225562E+01
   5.700000E+01    2.169332E+01    2.969375E+01
   4.900000E+01    1.956244E+01    2.719417E+01
   4.000000E+01    1.703433E+01    2.407544E+01
   3.300000E+01    1.496816E+01    2.137656E+01
   2.750000E+01    1.327764E+01    1.905417E+01
   2.250000E+01    1.167875E+01    1.676010E+01
   1.880000E+01    1.044463E+01    1.492911E+01
   1.620000E+01    9.541515E+00    1.356063E+01
   1.370000E+01    8.635339E+00    1.216696E+01
   1.120000E+01    7.680059E+00    1.067764E+01
   9.400000E+00    6.952899E+00    9.529689E+00
   8.100000E+00    6.402118E+00    8.651085E+00
   6.900000E+00    5.870506E+00    7.795245E+00
   5.600000E+00    5.263230E+00    6.809405E+00
   4.700000E+00    4.817916E+00    6.083835E+00
   4.100000E+00    4.505930E+00    5.576876E+00
   3.400000E+00    4.121172E+00    4.957878E+00
   2.810000E+00    3.772336E+00    4.408887E+00
   2.340000E+00    3.470495E+00    3.949441E+00
   2.030000E+00    3.254641E+00    3.632621E+00
   1.720000E+00    3.020447E+00    3.301197E+00
   1.410000E+00    2.762006E+00    2.949805E+00
   1.170000E+00    2.540349E+00    2.659104E+00
   1.020000E+00    2.389671E+00    2.467000E+00
   8.600000E-01    2.215496E+00    2.251754E+00
   7.000000E-01    2.021568E+00    2.024086E+00
   5.900000E-01    1.870624E+00    1.858201E+00
   5.100000E-01    1.747296E+00    1.730319E+00
   4.300000E-01    1.608130E+00    1.592505E+00
   3.500000E-01    1.448386E+00    1.437890E+00
   2.930000E-01    1.319749E+00    1.310997E+00
   2.540000E-01    1.224372E+00    1.212458E+00
   2.150000E-01    1.123566E+00    1.101497E+00
   1.760000E-01    1.018545E+00    9.754330E-01
   1.460000E-01    9.360018E-01    8.666816E-01
   1.270000E-01    8.833339E-01    7.921393E-01
   1.070000E-01    8.276444E-01    7.088733E-01
   8.800000E-02    7.741751E-01    6.253581E-01
   7.300000E-02    7.308676E-01    5.566199E-01
   6.300001E-02    7.008099E-01    5.095708E-01
   5.400000E-02    6.722726E-01    4.664965E-01
   4.400000E-02    6.377357E-01    4.179373E-01
   3.700000E-02    6.106281E-01    3.835565E-01
   3.200000E-02    5.889397E-01    3.587971E-01
   2.690000E-02    5.638519E-01    3.333188E-01
   2.200000E-02    5.355694E-01    3.084953E-01
   1.830000E-02    5.101517E-01    2.893368E-01
   1.590000E-02    4.909695E-01    2.765660E-01
   1.340000E-02    4.678451E-01    2.627723E-01
   1.100000E-02    4.414568E-01    2.487394E-01
   9.199999E-03    4.178666E-01    2.373557E-01
   7.900001E-03    3.980265E-01    2.283951E-01
   6.700001E-03    3.769063E-01    2.192817E-01
   5.500000E-03    3.521553E-01    2.089391E-01
   4.600001E-03    3.303508E-01    1.999526E-01
   4.000001E-03    3.137522E-01    1.930990E-01
   3.400000E-03    2.950056E-01    1.852691E-01
   2.750000E-03    2.715076E-01    1.752153E-01
   2.290000E-03    2.521879E-01    1.666649E-01
   1.980000E-03    2.374970E-01    1.599467E-01
   1.680000E-03    2.216280E-01    1.524441E-01
   1.370000E-03    2.030168E-01    1.432746E-01
   1.140000E-03    1.872893E-01    1.351756E-01
