   3.200001E+02    5.619003E+01    7.358770E+01
   2.650000E+02    5.231793E+01    6.592307E+01
   2.290000E+02    4.927795E+01    6.090620E+01
   1.940000E+02    4.575270E+01    5.595408E+01
   1.590000E+02    4.143883E+01    5.078153E+01
   1.320000E+02    3.738338E+01    4.645673E+01
   1.150000E+02    3.442293E+01    4.346555E+01
   9.699999E+01    3.088991E+01    3.994622E+01
   7.900001E+01    2.690736E+01    3.590132E+01
   6.600000E+01    2.374016E+01    3.252582E+01
   5.700000E+01    2.140649E+01    2.989999E+01
   4.900000E+01    1.923939E+01    2.732567E+01
   4.000000E+01    1.670214E+01    2.411015E+01
   3.300000E+01    1.465733E+01    2.133483E+01
   2.750000E+01    1.300331E+01    1.895747E+01
   2.250000E+01    1.145451E+01    1.662207E+01
   1.880000E+01    1.026949E+01    1.476999E+01
   1.620000E+01    9.407626E+00    1.339503E+01
   1.370000E+01    8.545775E+00    1.200552E+01
   1.120000E+01    7.636375E+00    1.053539E+01
   9.400000E+00    6.938934E+00    9.413442E+00
   8.100000E+00    6.404457E+00    8.560482E+00
   6.900000E+00    5.881136E+00    7.732602E+00
   5.600000E+00    5.272220E+00    6.778939E+00
   4.700000E+00    4.817713E+00    6.073725E+00
   4.100000E+00    4.495722E+00    5.577551E+00
   3.400000E+00    4.095967E+00    4.966012E+00
   2.810000E+00    3.733281E+00    4.416826E+00
   2.340000E+00    3.421891E+00    3.951624E+00
   2.030000E+00    3.202062E+00    3.628163E+00
   1.720000E+00    2.967152E+00    3.288457E+00
   1.410000E+00    2.712313E+00    2.928663E+00
   1.170000E+00    2.496398E+00    2.632877E+00
   1.020000E+00    2.350179E+00    2.438694E+00
   8.600000E-01    2.180998E+00    2.222070E+00
   7.000000E-01    1.992160E+00    1.993166E+00
   5.900000E-01    1.845319E+00    1.825893E+00
   5.100000E-01    1.725993E+00    1.696608E+00
   4.300000E-01    1.592498E+00    1.557439E+00
   3.500000E-01    1.440842E+00    1.402667E+00
   2.930000E-01    1.319480E+00    1.277634E+00
   2.540000E-01    1.229450E+00    1.181978E+00
   2.150000E-01    1.133706E+00    1.075595E+00
   1.760000E-01    1.032612E+00    9.558962E-01
   1.460000E-01    9.516212E-01    8.530161E-01
   1.270000E-01    8.990082E-01    7.823817E-01
   1.070000E-01    8.424595E-01    7.030964E-01
   8.800000E-02    7.872662E-01    6.228949E-01
   7.300000E-02    7.420305E-01    5.561622E-01
   6.300001E-02    7.104835E-01    5.100079E-01
   5.400000E-02    6.805452E-01    4.673485E-01
   4.400000E-02    6.445150E-01    4.187266E-01
   3.700000E-02    6.165211E-01    3.839261E-01
   3.200000E-02    5.943589E-01    3.586643E-01
   2.690000E-02    5.690059E-01    3.325034E-01
   2.200000E-02    5.407754E-01    3.068890E-01
   1.830000E-02    5.156803E-01    2.870884E-01
   1.590000E-02    4.968800E-01    2.739148E-01
   1.340000E-02    4.743330E-01    2.597565E-01
   1.100000E-02    4.487036E-01    2.454896E-01
   9.199999E-03    4.258311E-01    2.340680E-01
   7.900001E-03    4.065910E-01    2.251987E-01
   6.700001E-03    3.860792E-01    2.162995E-01
   5.500000E-03    3.619697E-01    2.063476E-01
   4.600001E-03    3.406414E-01    1.978140E-01
   4.000001E-03    3.243365E-01    1.913624E-01
   3.400000E-03    3.058396E-01    1.840346E-01
   2.750000E-03    2.825178E-01    1.746626E-01
   2.290000E-03    2.632187E-01    1.666984E-01
   1.980000E-03    2.484636E-01    1.604304E-01
   1.680000E-03    2.324443E-01    1.534087E-01
   1.370000E-03    2.135463E-01    1.447822E-01
   1.140000E-03    1.974813E-01    1.371123E-01
