   3.200001E+02    5.503481E+01    7.303820E+01
   2.650000E+02    5.167608E+01    6.534784E+01
   2.290000E+02    4.893975E+01    6.038066E+01
   1.940000E+02    4.566216E+01    5.552822E+01
   1.590000E+02    4.152495E+01    5.049406E+01
   1.320000E+02    3.754462E+01    4.628355E+01
   1.150000E+02    3.460365E+01    4.335679E+01
   9.699999E+01    3.107253E+01    3.989137E+01
   7.900001E+01    2.708174E+01    3.588158E+01
   6.600000E+01    2.390910E+01    3.252132E+01
   5.700000E+01    2.157413E+01    2.990395E+01
   4.900000E+01    1.940759E+01    2.733828E+01
   4.000000E+01    1.687099E+01    2.413675E+01
   3.300000E+01    1.482369E+01    2.137720E+01
   2.750000E+01    1.316297E+01    1.901562E+01
   2.250000E+01    1.160159E+01    1.669652E+01
   1.880000E+01    1.040121E+01    1.485663E+01
   1.620000E+01    9.524333E+00    1.348923E+01
   1.370000E+01    8.643977E+00    1.210497E+01
   1.120000E+01    7.711543E+00    1.063622E+01
   9.400000E+00    6.994753E+00    9.511200E+00
   8.100000E+00    6.445212E+00    8.652908E+00
   6.900000E+00    5.907708E+00    7.817084E+00
   5.600000E+00    5.284106E+00    6.850871E+00
   4.700000E+00    4.820702E+00    6.134309E+00
   4.100000E+00    4.493814E+00    5.629365E+00
   3.400000E+00    4.089866E+00    5.006521E+00
   2.810000E+00    3.725328E+00    4.447166E+00
   2.340000E+00    3.413843E+00    3.973752E+00
   2.030000E+00    3.194705E+00    3.645022E+00
   1.720000E+00    2.961077E+00    3.300338E+00
   1.410000E+00    2.708031E+00    2.935965E+00
   1.170000E+00    2.493832E+00    2.636868E+00
   1.020000E+00    2.348921E+00    2.440664E+00
   8.600000E-01    2.181554E+00    2.221946E+00
   7.000000E-01    1.995325E+00    1.991295E+00
   5.900000E-01    1.850917E+00    1.823492E+00
   5.100000E-01    1.733628E+00    1.694564E+00
   4.300000E-01    1.602102E+00    1.556752E+00
   3.500000E-01    1.451683E+00    1.404624E+00
   2.930000E-01    1.330105E+00    1.282198E+00
   2.540000E-01    1.239064E+00    1.188457E+00
   2.150000E-01    1.141408E+00    1.083767E+00
   1.760000E-01    1.037443E+00    9.650654E-01
   1.460000E-01    9.537085E-01    8.620709E-01
   1.270000E-01    8.992454E-01    7.907930E-01
   1.070000E-01    8.408165E-01    7.102376E-01
   8.800000E-02    7.841043E-01    6.281931E-01
   7.300000E-02    7.380430E-01    5.595439E-01
   6.300001E-02    7.062366E-01    5.118924E-01
   5.400000E-02    6.763439E-01    4.677525E-01
   4.400000E-02    6.407824E-01    4.173755E-01
   3.700000E-02    6.134644E-01    3.813188E-01
   3.200000E-02    5.920127E-01    3.551782E-01
   2.690000E-02    5.676307E-01    3.281761E-01
   2.200000E-02    5.406267E-01    3.018643E-01
   1.830000E-02    5.166967E-01    2.816698E-01
   1.590000E-02    4.987854E-01    2.683407E-01
   1.340000E-02    4.772943E-01    2.541466E-01
   1.100000E-02    4.528183E-01    2.400242E-01
   9.199999E-03    4.309064E-01    2.288803E-01
   7.900001E-03    4.124087E-01    2.203396E-01
   6.700001E-03    3.926106E-01    2.118729E-01
   5.500000E-03    3.692248E-01    2.025192E-01
   4.600001E-03    3.484230E-01    1.945784E-01
   4.000001E-03    3.324441E-01    1.886102E-01
   3.400000E-03    3.142334E-01    1.818525E-01
   2.750000E-03    2.911411E-01    1.732169E-01
   2.290000E-03    2.719184E-01    1.658628E-01
   1.980000E-03    2.571511E-01    1.600538E-01
   1.680000E-03    2.410487E-01    1.535157E-01
   1.370000E-03    2.219589E-01    1.454307E-01
   1.140000E-03    2.056511E-01    1.381873E-01
