   3.200001E+02    5.612093E+01    7.417152E+01
   2.650000E+02    5.196468E+01    6.625377E+01
   2.290000E+02    4.883875E+01    6.100822E+01
   1.940000E+02    4.533678E+01    5.581975E+01
   1.590000E+02    4.116548E+01    5.045174E+01
   1.320000E+02    3.728771E+01    4.605257E+01
   1.150000E+02    3.445070E+01    4.306599E+01
   9.699999E+01    3.103607E+01    3.959855E+01
   7.900001E+01    2.713737E+01    3.564349E+01
   6.600000E+01    2.400223E+01    3.234239E+01
   5.700000E+01    2.167907E+01    2.976641E+01
   4.900000E+01    1.951717E+01    2.723461E+01
   4.000000E+01    1.698453E+01    2.407014E+01
   3.300000E+01    1.493969E+01    2.134505E+01
   2.750000E+01    1.327512E+01    1.901871E+01
   2.250000E+01    1.169678E+01    1.673760E+01
   1.880000E+01    1.046907E+01    1.492427E+01
   1.620000E+01    9.563545E+00    1.356933E+01
   1.370000E+01    8.649271E+00    1.218664E+01
   1.120000E+01    7.681326E+00    1.070342E+01
   9.400000E+00    6.943661E+00    9.555506E+00
   8.100000E+00    6.385465E+00    8.674294E+00
   6.900000E+00    5.847730E+00    7.814017E+00
   5.600000E+00    5.235223E+00    6.821159E+00
   4.700000E+00    4.787514E+00    6.089319E+00
   4.100000E+00    4.474677E+00    5.577418E+00
   3.400000E+00    4.090014E+00    4.951566E+00
   2.810000E+00    3.742906E+00    4.395446E+00
   2.340000E+00    3.444711E+00    3.929287E+00
   2.030000E+00    3.233226E+00    3.607876E+00
   1.720000E+00    3.005600E+00    3.272571E+00
   1.410000E+00    2.755987E+00    2.919458E+00
   1.170000E+00    2.541931E+00    2.630007E+00
   1.020000E+00    2.395683E+00    2.439972E+00
   8.600000E-01    2.225475E+00    2.227663E+00
   7.000000E-01    2.034792E+00    2.002905E+00
   5.900000E-01    1.886294E+00    1.838652E+00
   5.100000E-01    1.765434E+00    1.711958E+00
   4.300000E-01    1.629728E+00    1.576003E+00
   3.500000E-01    1.474341E+00    1.425196E+00
   2.930000E-01    1.348592E+00    1.303191E+00
   2.540000E-01    1.254328E+00    1.209338E+00
   2.150000E-01    1.153132E+00    1.104056E+00
   1.760000E-01    1.045337E+00    9.840807E-01
   1.460000E-01    9.585326E-01    8.794839E-01
   1.270000E-01    9.021247E-01    8.068453E-01
   1.070000E-01    8.417063E-01    7.245239E-01
   8.800000E-02    7.832248E-01    6.404531E-01
   7.300000E-02    7.359066E-01    5.699479E-01
   6.300001E-02    7.033603E-01    5.209290E-01
   5.400000E-02    6.728892E-01    4.754679E-01
   4.400000E-02    6.368083E-01    4.235221E-01
   3.700000E-02    6.092242E-01    3.863045E-01
   3.200000E-02    5.876444E-01    3.593036E-01
   2.690000E-02    5.631975E-01    3.313984E-01
   2.200000E-02    5.362107E-01    3.041960E-01
   1.830000E-02    5.123610E-01    2.833166E-01
   1.590000E-02    4.945420E-01    2.695391E-01
   1.340000E-02    4.731905E-01    2.548772E-01
   1.100000E-02    4.489026E-01    2.403085E-01
   9.199999E-03    4.271780E-01    2.288357E-01
   7.900001E-03    4.088481E-01    2.200640E-01
   6.700001E-03    3.892364E-01    2.113921E-01
   5.500000E-03    3.660762E-01    2.018461E-01
   4.600001E-03    3.454776E-01    1.937743E-01
   4.000001E-03    3.296551E-01    1.877281E-01
   3.400000E-03    3.116221E-01    1.809032E-01
   2.750000E-03    2.887531E-01    1.722120E-01
   2.290000E-03    2.697137E-01    1.648341E-01
   1.980000E-03    2.550852E-01    1.590194E-01
   1.680000E-03    2.391320E-01    1.524864E-01
   1.370000E-03    2.202158E-01    1.444214E-01
   1.140000E-03    2.040532E-01    1.372061E-01
