   3.200001E+02    5.656490E+01    7.410030E+01
   2.650000E+02    5.243742E+01    6.664620E+01
   2.290000E+02    4.916869E+01    6.165363E+01
   1.940000E+02    4.541075E+01    5.660758E+01
   1.590000E+02    4.091339E+01    5.120890E+01
   1.320000E+02    3.680680E+01    4.663011E+01
   1.150000E+02    3.387964E+01    4.346195E+01
   9.699999E+01    3.045155E+01    3.976728E+01
   7.900001E+01    2.664913E+01    3.559806E+01
   6.600000E+01    2.364873E+01    3.219626E+01
   5.700000E+01    2.143474E+01    2.959911E+01
   4.900000E+01    1.936128E+01    2.708939E+01
   4.000000E+01    1.688920E+01    2.398885E+01
   3.300000E+01    1.484351E+01    2.131927E+01
   2.750000E+01    1.314816E+01    1.901481E+01
   2.250000E+01    1.153477E+01    1.671768E+01
   1.880000E+01    1.029588E+01    1.486650E+01
   1.620000E+01    9.401020E+00    1.347650E+01
   1.370000E+01    8.517421E+00    1.206249E+01
   1.120000E+01    7.600690E+00    1.056352E+01
   9.400000E+00    6.907765E+00    9.423124E+00
   8.100000E+00    6.380669E+00    8.560675E+00
   6.900000E+00    5.865645E+00    7.728193E+00
   5.600000E+00    5.264862E+00    6.774457E+00
   4.700000E+00    4.813838E+00    6.071573E+00
   4.100000E+00    4.492646E+00    5.577383E+00
   3.400000E+00    4.092116E+00    4.967695E+00
   2.810000E+00    3.727622E+00    4.418821E+00
   2.340000E+00    3.414581E+00    3.952534E+00
   2.030000E+00    3.193917E+00    3.627624E+00
   1.720000E+00    2.958596E+00    3.285932E+00
   1.410000E+00    2.703866E+00    2.923573E+00
   1.170000E+00    2.488592E+00    2.625043E+00
   1.020000E+00    2.343428E+00    2.428532E+00
   8.600000E-01    2.176746E+00    2.208893E+00
   7.000000E-01    1.993100E+00    1.977317E+00
   5.900000E-01    1.851914E+00    1.809906E+00
   5.100000E-01    1.737430E+00    1.682566E+00
   4.300000E-01    1.608305E+00    1.547923E+00
   3.500000E-01    1.458541E+00    1.400342E+00
   2.930000E-01    1.335600E+00    1.281087E+00
   2.540000E-01    1.242765E+00    1.188754E+00
   2.150000E-01    1.143092E+00    1.084350E+00
   1.760000E-01    1.037754E+00    9.647397E-01
   1.460000E-01    9.540224E-01    8.607219E-01
   1.270000E-01    9.001018E-01    7.890748E-01
   1.070000E-01    8.424546E-01    7.087189E-01
   8.800000E-02    7.861737E-01    6.275452E-01
   7.300000E-02    7.397694E-01    5.598092E-01
   6.300001E-02    7.072590E-01    5.125579E-01
   5.400000E-02    6.764678E-01    4.683345E-01
   4.400000E-02    6.399532E-01    4.170223E-01
   3.700000E-02    6.124403E-01    3.796548E-01
   3.200000E-02    5.914241E-01    3.523129E-01
   2.690000E-02    5.683088E-01    3.241110E-01
   2.200000E-02    5.435866E-01    2.972385E-01
   1.830000E-02    5.220727E-01    2.777091E-01
   1.590000E-02    5.058369E-01    2.657566E-01
   1.340000E-02    4.857128E-01    2.541724E-01
   1.100000E-02    4.612942E-01    2.439057E-01
   9.199999E-03    4.376454E-01    2.363266E-01
   7.900001E-03    4.163013E-01    2.302454E-01
   6.700001E-03    3.922816E-01    2.232343E-01
   5.500000E-03    3.630321E-01    2.133575E-01
   4.600001E-03    3.371148E-01    2.025933E-01
   4.000001E-03    3.178574E-01    1.929936E-01
   3.400000E-03    2.971084E-01    1.808092E-01
   2.750000E-03    2.732171E-01    1.639906E-01
   2.290000E-03    2.556641E-01    1.494320E-01
   1.980000E-03    2.436340E-01    1.382685E-01
   1.680000E-03    2.318663E-01    1.264040E-01
   1.370000E-03    2.195222E-01    1.130761E-01
   1.140000E-03    2.101106E-01    1.025450E-01
