   3.200001E+02    5.662266E+01    7.255675E+01
   2.650000E+02    5.253677E+01    6.508336E+01
   2.290000E+02    4.940061E+01    6.016902E+01
   1.940000E+02    4.581384E+01    5.531901E+01
   1.590000E+02    4.145147E+01    5.026497E+01
   1.320000E+02    3.734500E+01    4.603624E+01
   1.150000E+02    3.433957E+01    4.309337E+01
   9.699999E+01    3.075381E+01    3.959588E+01
   7.900001E+01    2.673980E+01    3.552416E+01
   6.600000E+01    2.359645E+01    3.209916E+01
   5.700000E+01    2.132227E+01    2.943746E+01
   4.900000E+01    1.924692E+01    2.684970E+01
   4.000000E+01    1.685324E+01    2.367542E+01
   3.300000E+01    1.492525E+01    2.100567E+01
   2.750000E+01    1.333066E+01    1.876901E+01
   2.250000E+01    1.177239E+01    1.659449E+01
   1.880000E+01    1.052065E+01    1.485601E+01
   1.620000E+01    9.579458E+00    1.353729E+01
   1.370000E+01    8.624754E+00    1.216656E+01
   1.120000E+01    7.626433E+00    1.066896E+01
   9.400000E+00    6.885572E+00    9.499453E+00
   8.100000E+00    6.339416E+00    8.604047E+00
   6.900000E+00    5.823273E+00    7.739107E+00
   5.600000E+00    5.239292E+00    6.759012E+00
   4.700000E+00    4.806126E+00    6.049958E+00
   4.100000E+00    4.495560E+00    5.558433E+00
   3.400000E+00    4.101612E+00    4.956720E+00
   2.810000E+00    3.735727E+00    4.413930E+00
   2.340000E+00    3.418733E+00    3.947597E+00
   2.030000E+00    3.196810E+00    3.618988E+00
   1.720000E+00    2.964465E+00    3.271534E+00
   1.410000E+00    2.719838E+00    2.905272E+00
   1.170000E+00    2.517244E+00    2.610439E+00
   1.020000E+00    2.380184E+00    2.422072E+00
   8.600000E-01    2.218547E+00    2.217580E+00
   7.000000E-01    2.030317E+00    2.006621E+00
   5.900000E-01    1.876652E+00    1.852947E+00
   5.100000E-01    1.747499E+00    1.731984E+00
   4.300000E-01    1.600130E+00    1.597338E+00
   3.500000E-01    1.432137E+00    1.440490E+00
   2.930000E-01    1.299761E+00    1.308591E+00
   2.540000E-01    1.203858E+00    1.205513E+00
   2.150000E-01    1.104684E+00    1.089870E+00
   1.760000E-01    1.003568E+00    9.599346E-01
   1.460000E-01    9.253582E-01    8.494266E-01
   1.270000E-01    8.758424E-01    7.745364E-01
   1.070000E-01    8.236316E-01    6.916332E-01
   8.800000E-02    7.734611E-01    6.091663E-01
   7.300000E-02    7.326672E-01    5.417076E-01
   6.300001E-02    7.042245E-01    4.957065E-01
   5.400000E-02    6.771079E-01    4.536920E-01
   4.400000E-02    6.441470E-01    4.064301E-01
   3.700000E-02    6.181808E-01    3.730385E-01
   3.200000E-02    5.973554E-01    3.490405E-01
   2.690000E-02    5.732185E-01    3.244106E-01
   2.200000E-02    5.459497E-01    3.005150E-01
   1.830000E-02    5.213855E-01    2.821815E-01
   1.590000E-02    5.028052E-01    2.700374E-01
   1.340000E-02    4.803486E-01    2.570120E-01
   1.100000E-02    4.546310E-01    2.438795E-01
   9.199999E-03    4.315440E-01    2.333243E-01
   7.900001E-03    4.120470E-01    2.250763E-01
   6.700001E-03    3.912037E-01    2.167338E-01
   5.500000E-03    3.666509E-01    2.073031E-01
   4.600001E-03    3.449000E-01    1.991185E-01
   4.000001E-03    3.282621E-01    1.928681E-01
   3.400000E-03    3.093845E-01    1.857051E-01
   2.750000E-03    2.855882E-01    1.764535E-01
   2.290000E-03    2.659086E-01    1.685233E-01
   1.980000E-03    2.508734E-01    1.622458E-01
   1.680000E-03    2.345635E-01    1.551829E-01
   1.370000E-03    2.153433E-01    1.464718E-01
   1.140000E-03    1.990239E-01    1.387037E-01
