   3.200001E+02    5.587694E+01    7.398202E+01
   2.650000E+02    5.197687E+01    6.650547E+01
   2.290000E+02    4.883864E+01    6.150869E+01
   1.940000E+02    4.519275E+01    5.646595E+01
   1.590000E+02    4.079246E+01    5.107714E+01
   1.320000E+02    3.675090E+01    4.651028E+01
   1.150000E+02    3.386061E+01    4.335217E+01
   9.699999E+01    3.046750E+01    3.967157E+01
   7.900001E+01    2.669285E+01    3.552037E+01
   6.600000E+01    2.370549E+01    3.213094E+01
   5.700000E+01    2.149814E+01    2.953831E+01
   4.900000E+01    1.943309E+01    2.702783E+01
   4.000000E+01    1.698233E+01    2.392434E+01
   3.300000E+01    1.496786E+01    2.126253E+01
   2.750000E+01    1.330258E+01    1.898398E+01
   2.250000E+01    1.170704E+01    1.673517E+01
   1.880000E+01    1.046080E+01    1.493431E+01
   1.620000E+01    9.542379E+00    1.358136E+01
   1.370000E+01    8.618215E+00    1.219577E+01
   1.120000E+01    7.644844E+00    1.070652E+01
   9.400000E+00    6.906753E+00    9.553947E+00
   8.100000E+00    6.350007E+00    8.670146E+00
   6.900000E+00    5.814580E+00    7.808656E+00
   5.600000E+00    5.204936E+00    6.816242E+00
   4.700000E+00    4.758848E+00    6.085896E+00
   4.100000E+00    4.446636E+00    5.575475E+00
   3.400000E+00    4.061958E+00    4.951674E+00
   2.810000E+00    3.713969E+00    4.397280E+00
   2.340000E+00    3.414391E+00    3.932128E+00
   2.030000E+00    3.201736E+00    3.610962E+00
   1.720000E+00    2.972963E+00    3.275434E+00
   1.410000E+00    2.722573E+00    2.921801E+00
   1.170000E+00    2.508185E+00    2.632243E+00
   1.020000E+00    2.361515E+00    2.442553E+00
   8.600000E-01    2.189986E+00    2.230927E+00
   7.000000E-01    1.996073E+00    2.006306E+00
   5.900000E-01    1.843863E+00    1.840452E+00
   5.100000E-01    1.719845E+00    1.710610E+00
   4.300000E-01    1.581563E+00    1.568853E+00
   3.500000E-01    1.426192E+00    1.408977E+00
   2.930000E-01    1.303904E+00    1.278872E+00
   2.540000E-01    1.214591E+00    1.179395E+00
   2.150000E-01    1.120948E+00    1.069388E+00
   1.760000E-01    1.023398E+00    9.469296E-01
   1.460000E-01    9.459262E-01    8.430418E-01
   1.270000E-01    8.957079E-01    7.724656E-01
   1.070000E-01    8.416026E-01    6.939115E-01
   8.800000E-02    7.884158E-01    6.150338E-01
   7.300000E-02    7.443654E-01    5.496940E-01
   6.300001E-02    7.133419E-01    5.045570E-01
   5.400000E-02    6.836673E-01    4.627984E-01
   4.400000E-02    6.477066E-01    4.150524E-01
   3.700000E-02    6.196580E-01    3.807047E-01
   3.200000E-02    5.974442E-01    3.556424E-01
   2.690000E-02    5.720809E-01    3.295482E-01
   2.200000E-02    5.439589E-01    3.038478E-01
   1.830000E-02    5.190984E-01    2.838861E-01
   1.590000E-02    5.005639E-01    2.705752E-01
   1.340000E-02    4.784303E-01    2.562681E-01
   1.100000E-02    4.533744E-01    2.418921E-01
   9.199999E-03    4.310794E-01    2.304549E-01
   7.900001E-03    4.123512E-01    2.216451E-01
   6.700001E-03    3.923902E-01    2.128887E-01
   5.500000E-03    3.689072E-01    2.032109E-01
   4.600001E-03    3.480897E-01    1.950121E-01
   4.000001E-03    3.321344E-01    1.888705E-01
   3.400000E-03    3.139795E-01    1.819446E-01
   2.750000E-03    2.909896E-01    1.731428E-01
   2.290000E-03    2.718685E-01    1.656907E-01
   1.980000E-03    2.571838E-01    1.598303E-01
   1.680000E-03    2.411719E-01    1.532585E-01
   1.370000E-03    2.221847E-01    1.451611E-01
   1.140000E-03    2.059565E-01    1.379282E-01
