   3.200001E+02    5.526906E+01    6.880588E+01
   2.650000E+02    5.120045E+01    6.556724E+01
   2.290000E+02    4.850966E+01    6.097946E+01
   1.940000E+02    4.401508E+01    5.638626E+01
   1.590000E+02    3.968019E+01    5.155539E+01
   1.320000E+02    3.644060E+01    4.728241E+01
   1.150000E+02    3.538903E+01    4.481771E+01
   9.699999E+01    3.265893E+01    4.078624E+01
   7.900001E+01    2.784911E+01    3.687287E+01
   6.600000E+01    2.392234E+01    3.270215E+01
   5.700000E+01    2.157438E+01    2.997157E+01
   4.900000E+01    1.823948E+01    2.569263E+01
   4.000000E+01    1.669195E+01    2.334760E+01
   3.300000E+01    1.477453E+01    2.100911E+01
   2.750000E+01    1.313950E+01    1.868087E+01
   2.250000E+01    1.156713E+01    1.634514E+01
   1.880000E+01    1.052541E+01    1.510653E+01
   1.620000E+01    9.439505E+00    1.353602E+01
   1.370000E+01    8.636713E+00    1.243692E+01
   1.120000E+01    7.521521E+00    1.086803E+01
   9.400000E+00    6.723083E+00    9.595152E+00
   8.100000E+00    6.376859E+00    8.691855E+00
   6.900000E+00    6.014287E+00    8.020244E+00
   5.600000E+00    5.420248E+00    6.860801E+00
   4.700000E+00    4.900902E+00    6.060166E+00
   4.100000E+00    4.581403E+00    5.602914E+00
   3.400000E+00    4.162613E+00    5.051118E+00
   2.810000E+00    3.772636E+00    4.447390E+00
   2.340000E+00    3.452086E+00    3.964888E+00
   2.030000E+00    3.243436E+00    3.623108E+00
   1.720000E+00    2.999297E+00    3.275674E+00
   1.410000E+00    2.744347E+00    2.889644E+00
   1.170000E+00    2.547312E+00    2.628377E+00
   1.020000E+00    2.377254E+00    2.398278E+00
   8.600000E-01    2.217639E+00    2.177905E+00
   7.000000E-01    2.025606E+00    1.949564E+00
   5.900000E-01    1.908238E+00    1.794563E+00
   5.100000E-01    1.769164E+00    1.683263E+00
   4.300000E-01    1.641509E+00    1.520542E+00
   3.500000E-01    1.520810E+00    1.413819E+00
   2.930000E-01    1.346932E+00    1.268463E+00
   2.540000E-01    1.270813E+00    1.213614E+00
   2.150000E-01    1.145057E+00    1.098179E+00
   1.760000E-01    1.051411E+00    1.008485E+00
   1.460000E-01    6.648894E-01    4.202121E-01
   1.270000E-01    9.007067E-01    8.339492E-01
   1.070000E-01    8.595571E-01    7.773808E-01
   8.800000E-02    7.759156E-01    6.566692E-01
   7.300000E-02    6.983174E-01    6.574796E-01
   6.300001E-02    6.758595E-01    5.351784E-01
   5.400000E-02    6.835813E-01    5.025850E-01
   4.400000E-02    6.390758E-01    4.435056E-01
   3.700000E-02    5.972109E-01    3.946205E-01
   3.200000E-02    5.792530E-01    3.676355E-01
   2.690000E-02    5.589424E-01    3.390827E-01
   2.200000E-02    5.378078E-01    3.070300E-01
   1.830000E-02    5.130328E-01    2.809808E-01
   1.590000E-02    4.947587E-01    2.691691E-01
   1.340000E-02    4.760651E-01    2.520776E-01
   1.100000E-02    4.619993E-01    2.389336E-01
   9.199999E-03    4.339666E-01    2.372387E-01
   7.900001E-03    4.141604E-01    2.280347E-01
   6.700001E-03    4.070474E-01    2.154133E-01
   5.500000E-03    3.684211E-01    2.066256E-01
   4.600001E-03    3.494891E-01    2.004246E-01
   4.000001E-03    3.352144E-01    1.898763E-01
   3.400000E-03    3.159440E-01    1.669070E-01
   2.750000E-03    2.928552E-01    1.814791E-01
   2.290000E-03    2.656926E-01    1.470262E-01
   1.980000E-03    2.274075E-01    1.465088E-01
   1.680000E-03    2.349030E-01    1.491489E-01
   1.370000E-03    2.295550E-01    1.370506E-01
   1.140000E-03    2.123229E-01    1.289244E-01
