0.004699 5819
0.014097 5391
0.023495 4681
0.032893 6591
0.042291 5710
0.051689 5711
0.061087 4272
0.070485 4322
0.079882 5175
0.089280 4628
0.098678 3891
0.108076 6373
0.117474 5097
0.126872 6095
0.136270 6603
0.145668 6361
0.155066 5497
0.164464 5270
0.173862 5499
0.183260 4468
0.192658 5728
0.202056 5064
0.211454 4857
0.220852 6085
0.230250 4370
0.239647 7292
0.249045 5161
0.258443 5185
0.267841 6111
0.277239 4975
0.286637 6594
0.296035 8382
0.305433 5042
0.314831 6140
0.324229 4196
0.333627 5733
0.343025 4868
0.352423 4359
0.361821 6863
0.371219 5957
0.380617 5755
0.390015 3784
0.399412 4912
0.408810 7807
0.418208 6047
0.427606 4430
0.437004 3693
0.446402 5863
0.455800 4436
0.465198 6247
0.474596 4767
0.483994 5195
0.493392 5684
0.502790 3417
0.512188 3449
0.521586 4205
0.530984 4950
0.540382 4744
0.549779 5450
0.559177 4181
0.568575 6810
0.577973 4917
0.587371 4392
0.596769 4049
0.606167 3552
0.615565 3831
0.624963 7018
0.634361 5779
0.643759 5915
0.653157 5398
0.662555 4861
0.671953 5933
0.681351 5425
0.690749 5585
0.700147 7225
0.709544 4553
0.718942 7852
0.728340 5843
0.737738 4351
0.747136 5662
0.756534 3648
0.765932 6290
0.775330 4608
0.784728 5582
0.794126 6147
0.803524 7380
0.812922 8444
0.822320 5904
0.831718 5937
0.841116 4883
0.850514 4588
0.859912 5450
0.869309 4500
0.878707 5655
0.888105 5765
0.897503 7286
0.906901 4934
0.916299 4012
0.925697 4911
0.935095 4240
0.944493 5599
0.953891 4368
0.963289 6609
0.972687 4404
0.982085 5339
0.991483 5052
1.000881 4206
1.010279 6391
1.019676 8700
1.029074 6066
1.038472 6699
1.047870 6332
1.057268 7643
1.066666 7249
1.076064 8171
1.085462 6508
1.094860 8062
1.104258 10914
1.113656 9000
1.123054 12288
1.132452 14738
1.141850 15644
1.151248 13803
1.160646 15722
1.170044 7302
1.179441 17264
1.188839 13541
1.198237 17986
1.207635 17166
1.217033 13069
1.226431 9834
1.235829 8011
1.245227 11496
1.254625 8909
1.264023 5903
1.273421 5055
1.282819 4326
1.292217 12073
1.301615 4747
1.311013 13273
1.320411 7295
1.329809 15633
1.339206 4811
1.348604 6130
1.358002 4310
1.367400 2728
1.376798 5559
1.386196 8228
1.395594 11604
1.404992 4768
1.414390 4221
1.423788 4078
1.433186 6293
1.442584 4109
1.451982 3802
1.461380 3772
1.470778 3354
1.480176 2629
1.489573 2526
1.498971 2015
1.508369 4849
1.517767 7337
1.527165 2403
1.536563 2781
1.545961 1477
1.555359 6018
1.564757 1492
1.574155 3788
1.583553 2658
1.592951 2131
1.602349 903
1.611747 483
1.621145 3166
1.630543 4027
1.639941 2702
1.649338 3068
1.658736 3970
1.668134 10369
1.677532 2761
1.686930 15681
1.696328 11750
1.705726 32074
1.715124 21324
1.724522 29391
1.733920 39055
1.743318 21200
1.752716 19359
1.762114 20854
1.771512 9425
1.780910 3393
1.790308 7915
1.799706 6282
1.809103 9416
1.818501 9077
1.827899 6274
1.837297 6025
1.846695 9795
1.856093 6021
1.865491 8837
1.874889 5297
1.884287 6510
1.893685 6145
1.903083 11820
1.912481 19512
1.921879 25577
1.931277 20095
1.940675 23866
1.950073 17889
1.959470 22026
1.968868 40539
1.978266 25321
1.987664 21573
1.997062 28904
2.006460 12121
2.015858 6491
2.025256 6655
2.034654 3537
2.044052 1738
2.053450 252
2.062848 501
2.072246 766
2.081644 499
2.091042 79
2.100440 659
2.109838 348
2.119235 1542
2.128633 1080
2.138031 2354
2.147429 542
2.156827 1242
2.166225 755
2.175623 157
2.185021 1221
2.194419 1126
2.203817 1567
2.213215 407
2.222613 384
2.232011 1598
2.241409 445
2.250807 1220
2.260205 431
2.269603 1739
2.279000 1199
2.288398 2278
2.297796 2421
2.307194 1407
2.316592 3545
2.325990 3627
2.335388 2827
2.344786 3441
2.354184 2524
2.363582 4986
2.372980 634
2.382378 3410
2.391776 1690
2.401174 1729
2.410572 2790
2.419970 2507
2.429367 2270
2.438765 2545
2.448163 4371
2.457561 3099
2.466959 3399
2.476357 4943
2.485755 3066
2.495153 3126
2.504551 8593
2.513949 6066
2.523347 3939
2.532745 7664
2.542143 9550
2.551541 6273
2.560939 7083
2.570337 4334
2.579735 6757
2.589132 9743
2.598530 9464
2.607928 7673
2.617326 4308
2.626724 8394
2.636122 9017
2.645520 5390
2.654918 8882
2.664316 7525
2.673714 11079
2.683112 7313
2.692510 6671
2.701908 7203
2.711306 4653
2.720704 5409
2.730102 6612
2.739500 4466
2.748897 2702
2.758295 5439
2.767693 3095
2.777091 4022
2.786489 2226
2.795887 3424
2.805285 6960
2.814683 6225
2.824081 2049
2.833479 2447
2.842877 2413
2.852275 2312
2.861673 3308
2.871071 3141
2.880469 3106
2.889867 4155
2.899264 2102
2.908662 1285
2.918060 1141
2.927458 965
2.936856 1118
2.946254 1996
2.955652 2384
2.965050 2335
2.974448 3549
2.983846 1204
2.993244 658
3.002642 2894
3.012040 1273
3.021438 877
3.030836 1090
3.040234 2000
3.049632 1449
3.059029 2705
3.068427 1651
3.077825 1669
3.087223 1367
3.096621 279
3.106019 1447
3.115417 897
3.124815 370
3.134213 1252
3.143611 509
3.153009 1148
3.162407 969
3.171805 753
3.181203 668
3.190601 1338
3.199999 813
3.209397 684
3.218794 624
3.228192 1699
3.237590 1290
3.246988 587
3.256386 1428
3.265784 1826
3.275182 1935
3.284580 1712
3.293978 3274
3.303376 1721
3.312774 3603
3.322172 1981
3.331570 3702
3.340968 4304
3.350366 3875
3.359764 4407
3.369161 4864
3.378559 3776
3.387957 6449
3.397355 9715
3.406753 10913
3.416151 8774
3.425549 11300
3.434947 12172
3.444345 14374
3.453743 13865
3.463141 13287
3.472539 15958
3.481937 21714
3.491335 19138
3.500733 13415
3.510131 17137
3.519529 13709
3.528926 14338
3.538324 14233
3.547722 10613
3.557120 9199
3.566518 11073
3.575916 8758
3.585314 8065
3.594712 9546
3.604110 6223
3.613508 5633
3.622906 6542
3.632304 6982
3.641702 4691
3.651100 6075
3.660498 4531
3.669896 5063
3.679294 7062
3.688691 4827
3.698089 5484
3.707487 3693
3.716885 4642
3.726283 4483
3.735681 6347
3.745079 5905
3.754477 5079
3.763875 4329
3.773273 5414
3.782671 6113
3.792069 4765
3.801467 4543
3.810865 5742
3.820263 4395
3.829661 5210
3.839058 5113
3.848456 5013
3.857854 8207
3.867252 5762
3.876650 5451
3.886048 6228
3.895446 6352
3.904844 2931
3.914242 5125
3.923640 6597
3.933038 4603
3.942436 4636
3.951834 4185
3.961232 4137
3.970630 3237
3.980028 4367
3.989426 4669
3.998823 5716
4.008221 5071
4.017619 6596
4.027017 6115
4.036415 5072
4.045813 5329
4.055211 4513
4.064609 5335
4.074007 4319
4.083405 5552
4.092803 4749
4.102201 4068
4.111599 5331
4.120997 3493
4.130395 2904
4.139793 4638
4.149191 4568
4.158588 5430
4.167986 3207
4.177384 4759
4.186782 4678
4.196180 4252
4.205578 4637
4.214976 4828
4.224374 5221
4.233772 4100
4.243170 6039
4.252568 3005
4.261966 3761
4.271364 4669
4.280762 3212
4.290160 4870
4.299558 5737
4.308955 3932
4.318353 3644
4.327751 5052
4.337149 3879
4.346547 4885
4.355945 4322
4.365343 3585
4.374741 3697
4.384139 5009
4.393537 3731
4.402935 3929
4.412333 3473
4.421731 5375
4.431129 5273
4.440527 5078
4.449925 4269
4.459323 4537
4.468720 4058
4.478118 3672
4.487516 6029
4.496914 3999
4.506312 4082
4.515710 3150
4.525108 3982
4.534506 5869
4.543904 5905
4.553302 6091
4.562700 5884
4.572098 5648
4.581496 3476
4.590894 5433
4.600292 5055
4.609690 5983
4.619088 5076
4.628485 6918
4.637883 6779
4.647281 5733
4.656679 5313
4.666077 5359
4.675475 4847
4.684873 5710
4.694271 5716
