   3.200001E+02    2.765262E+00    3.441747E+00
   2.650000E+02    2.561975E+00    3.279887E+00
   2.290000E+02    2.427544E+00    3.050613E+00
   1.940000E+02    2.203025E+00    2.821086E+00
   1.590000E+02    1.986528E+00    2.579708E+00
   1.320000E+02    1.824772E+00    2.366235E+00
   1.150000E+02    1.772275E+00    2.243116E+00
   9.699999E+01    1.636006E+00    2.041762E+00
   7.900001E+01    1.396042E+00    1.846354E+00
   6.600000E+01    1.200290E+00    1.638162E+00
   5.700000E+01    1.083344E+00    1.501911E+00
   4.900000E+01    9.174402E-01    1.288518E+00
   4.000000E+01    8.405669E-01    1.171655E+00
   3.300000E+01    7.454641E-01    1.055205E+00
   2.750000E+01    6.645421E-01    9.393812E-01
   2.250000E+01    5.869380E-01    8.233525E-01
   1.880000E+01    5.356869E-01    7.619176E-01
   1.620000E+01    4.824527E-01    6.841486E-01
   1.370000E+01    4.432630E-01    6.298353E-01
   1.120000E+01    3.891442E-01    5.525260E-01
   9.400000E+00    3.507130E-01    4.900687E-01
   8.100000E+00    3.341569E-01    4.459494E-01
   6.900000E+00    3.169056E-01    4.132926E-01
   5.600000E+00    2.888732E-01    3.573185E-01
   4.700000E+00    2.646641E-01    3.190831E-01
   4.100000E+00    2.499462E-01    2.974586E-01
   3.400000E+00    2.309077E-01    2.716330E-01
   2.810000E+00    2.134993E-01    2.438200E-01
   2.340000E+00    1.994799E-01    2.220379E-01
   2.030000E+00    1.905248E-01    2.069234E-01
   1.720000E+00    1.802483E-01    1.918987E-01
   1.410000E+00    1.697899E-01    1.757132E-01
   1.170000E+00    1.619321E-01    1.651391E-01
   1.020000E+00    1.553330E-01    1.561389E-01
   8.600000E-01    1.493145E-01    1.478451E-01
   7.000000E-01    1.423296E-01    1.396495E-01
   5.900000E-01    1.382152E-01    1.343545E-01
   5.100000E-01    1.335097E-01    1.307036E-01
   4.300000E-01    1.293692E-01    1.256190E-01
   3.500000E-01    1.256271E-01    1.224631E-01
   2.930000E-01    1.205635E-01    1.184166E-01
   2.540000E-01    1.184796E-01    1.169707E-01
   2.150000E-01    1.152297E-01    1.140833E-01
   1.760000E-01    1.129764E-01    1.119938E-01
   1.460000E-01    1.053812E-01    1.021834E-01
   1.270000E-01    1.096731E-01    1.083452E-01
   1.070000E-01    1.088444E-01    1.072884E-01
   8.800000E-02    1.072619E-01    1.052522E-01
   7.300000E-02    1.059203E-01    1.052649E-01
   6.300001E-02    1.055555E-01    1.035183E-01
   5.400000E-02    1.056797E-01    1.031091E-01
   4.400000E-02    1.049812E-01    1.024292E-01
   3.700000E-02    1.043631E-01    1.019280E-01
   3.200000E-02    1.041097E-01    1.016754E-01
   2.690000E-02    1.038318E-01    1.014270E-01
   2.200000E-02    1.035524E-01    1.011715E-01
   1.830000E-02    1.032376E-01    1.009821E-01
   1.590000E-02    1.030144E-01    1.009016E-01
   1.340000E-02    1.027939E-01    1.007912E-01
   1.100000E-02    1.026334E-01    1.007111E-01
   9.199999E-03    1.023270E-01    1.007011E-01
   7.900001E-03    1.021216E-01    1.006479E-01
   6.700001E-03    1.020501E-01    1.005784E-01
   5.500000E-03    1.016825E-01    1.005323E-01
   4.600001E-03    1.015153E-01    1.005009E-01
   4.000001E-03    1.013949E-01    1.004497E-01
   3.400000E-03    1.012401E-01    1.003476E-01
   2.750000E-03    1.010664E-01    1.004108E-01
   2.290000E-03    1.008785E-01    1.002698E-01
   1.980000E-03    1.006444E-01    1.002680E-01
   1.680000E-03    1.006874E-01    1.002777E-01
   1.370000E-03    1.006565E-01    1.002345E-01
   1.140000E-03    1.005619E-01    1.002076E-01
