0.004699 0.812500
0.014097 0.800000
0.023495 0.800000
0.032893 0.800000
0.042291 0.800000
0.051689 0.787500
0.061087 0.800000
0.070485 0.800000
0.079882 0.800000
0.089280 0.800000
0.098678 0.800000
0.108076 0.800000
0.117474 0.800000
0.126872 0.800000
0.136270 0.800000
0.145668 0.812500
0.155066 0.812500
0.164464 0.812500
0.173862 0.812500
0.183260 0.825000
0.192658 0.825000
0.202056 0.837500
0.211454 0.837500
0.220852 0.837500
0.230250 0.850000
0.239647 0.850000
0.249045 0.850000
0.258443 0.850000
0.267841 0.862500
0.277239 0.862500
0.286637 0.862500
0.296035 0.862500
0.305433 0.875000
0.314831 0.875000
0.324229 0.875000
0.333627 0.875000
0.343025 0.875000
0.352423 0.875000
0.361821 0.875000
0.371219 0.887500
0.380617 0.887500
0.390015 0.887500
0.399412 0.887500
0.408810 0.875000
0.418208 0.875000
0.427606 0.875000
0.437004 0.887500
0.446402 0.887500
0.455800 0.875000
0.465198 0.875000
0.474596 0.887500
0.483994 0.887500
0.493392 0.887500
0.502790 0.887500
0.512188 0.887500
0.521586 0.887500
0.530984 0.900000
0.540382 0.900000
0.549779 0.900000
0.559177 0.900000
0.568575 0.900000
0.577973 0.912500
0.587371 0.900000
0.596769 0.912500
0.606167 0.912500
0.615565 0.912500
0.624963 0.912500
0.634361 0.912500
0.643759 0.925000
0.653157 0.925000
0.662555 0.925000
0.671953 0.925000
0.681351 0.925000
0.690749 0.925000
0.700147 0.925000
0.709544 0.912500
0.718942 0.912500
0.728340 0.900000
0.737738 0.900000
0.747136 0.900000
0.756534 0.887500
0.765932 0.887500
0.775330 0.875000
0.784728 0.862500
0.794126 0.837500
0.803524 0.825000
0.812922 0.812500
0.822320 0.775000
0.831718 0.737500
0.841116 0.700000
0.850514 0.662500
0.859912 0.650000
0.869309 0.637500
0.878707 0.625000
0.888105 0.625000
0.897503 0.625000
0.906901 0.625000
0.916299 0.612500
0.925697 0.612500
0.935095 0.612500
0.944493 0.612500
0.953891 0.600000
0.963289 0.600000
0.972687 0.600000
0.982085 0.600000
0.991483 0.587500
1.000881 0.587500
1.010279 0.587500
1.019676 0.587500
1.029074 0.587500
1.038472 0.587500
1.047870 0.575000
1.057268 0.575000
1.066666 0.562500
1.076064 0.562500
1.085462 0.550000
1.094860 0.525000
1.104258 0.525000
1.113656 0.500000
1.123054 0.487500
1.132452 0.462500
1.141850 0.450000
1.151248 0.437500
1.160646 0.425000
1.170044 0.425000
1.179441 0.425000
1.188839 0.425000
1.198237 0.412500
1.207635 0.412500
1.217033 0.400000
1.226431 0.375000
1.235829 0.375000
1.245227 0.362500
1.254625 0.337500
1.264023 0.312500
1.273421 0.300000
1.282819 0.287500
1.292217 0.275000
1.301615 0.262500
1.311013 0.225000
1.320411 0.200000
1.329809 0.175000
1.339206 0.162500
1.348604 0.162500
1.358002 0.162500
1.367400 0.162500
1.376798 0.162500
1.386196 0.162500
1.395594 0.162500
1.404992 0.162500
1.414390 0.162500
1.423788 0.162500
1.433186 0.175000
1.442584 0.175000
1.451982 0.175000
1.461380 0.175000
1.470778 0.175000
1.480176 0.175000
1.489573 0.187500
1.498971 0.200000
1.508369 0.212500
1.517767 0.225000
1.527165 0.237500
1.536563 0.250000
1.545961 0.250000
1.555359 0.262500
1.564757 0.275000
1.574155 0.275000
1.583553 0.275000
1.592951 0.287500
1.602349 0.287500
1.611747 0.300000
1.621145 0.300000
1.630543 0.300000
1.639941 0.312500
1.649338 0.312500
1.658736 0.312500
1.668134 0.337500
1.677532 0.350000
1.686930 0.362500
1.696328 0.400000
1.705726 0.425000
1.715124 0.425000
1.724522 0.437500
1.733920 0.450000
1.743318 0.450000
1.752716 0.462500
1.762114 0.475000
1.771512 0.487500
1.780910 0.487500
1.790308 0.500000
1.799706 0.512500
1.809103 0.512500
1.818501 0.525000
1.827899 0.525000
1.837297 0.525000
1.846695 0.537500
1.856093 0.550000
1.865491 0.550000
1.874889 0.550000
1.884287 0.537500
1.893685 0.525000
1.903083 0.487500
1.912481 0.275000
1.921879 0.262500
1.931277 0.250000
1.940675 0.250000
1.950073 0.237500
1.959470 0.237500
1.968868 0.237500
1.978266 0.225000
1.987664 0.225000
1.997062 0.225000
2.006460 0.212500
2.015858 0.212500
2.025256 0.200000
2.034654 0.200000
2.044052 0.187500
2.053450 0.187500
2.062848 0.175000
2.072246 0.162500
2.081644 0.150000
2.091042 0.125000
2.100440 0.050000
2.109838 0.050000
2.119235 0.125000
2.128633 0.125000
2.138031 0.125000
2.147429 0.125000
2.156827 0.125000
2.166225 0.125000
2.175623 0.125000
2.185021 0.125000
2.194419 0.125000
2.203817 0.137500
2.213215 0.137500
2.222613 0.137500
2.232011 0.137500
2.241409 0.150000
2.250807 0.150000
2.260205 0.150000
2.269603 0.150000
2.279000 0.150000
2.288398 0.150000
2.297796 0.162500
2.307194 0.162500
2.316592 0.162500
2.325990 0.175000
2.335388 0.175000
2.344786 0.175000
2.354184 0.175000
2.363582 0.187500
2.372980 0.187500
2.382378 0.187500
2.391776 0.187500
2.401174 0.187500
2.410572 0.187500
2.419970 0.187500
2.429367 0.187500
2.438765 0.200000
2.448163 0.200000
2.457561 0.200000
2.466959 0.200000
2.476357 0.200000
2.485755 0.200000
2.495153 0.200000
2.504551 0.200000
2.513949 0.212500
2.523347 0.212500
2.532745 0.212500
2.542143 0.212500
2.551541 0.212500
2.560939 0.225000
2.570337 0.225000
2.579735 0.225000
2.589132 0.225000
2.598530 0.225000
2.607928 0.225000
2.617326 0.237500
2.626724 0.237500
2.636122 0.237500
2.645520 0.237500
2.654918 0.237500
2.664316 0.237500
2.673714 0.237500
2.683112 0.250000
2.692510 0.250000
2.701908 0.250000
2.711306 0.250000
2.720704 0.250000
2.730102 0.250000
2.739500 0.250000
2.748897 0.250000
2.758295 0.262500
2.767693 0.262500
2.777091 0.262500
2.786489 0.262500
2.795887 0.275000
2.805285 0.275000
2.814683 0.275000
2.824081 0.287500
2.833479 0.300000
2.842877 0.312500
2.852275 0.325000
2.861673 0.325000
2.871071 0.337500
2.880469 0.337500
2.889867 0.337500
2.899264 0.337500
2.908662 0.337500
2.918060 0.350000
2.927458 0.350000
2.936856 0.350000
2.946254 0.350000
2.955652 0.350000
2.965050 0.350000
2.974448 0.350000
2.983846 0.350000
2.993244 0.350000
3.002642 0.362500
3.012040 0.362500
3.021438 0.362500
3.030836 0.362500
3.040234 0.362500
3.049632 0.362500
3.059029 0.362500
3.068427 0.362500
3.077825 0.362500
3.087223 0.362500
3.096621 0.362500
3.106019 0.362500
3.115417 0.362500
3.124815 0.362500
3.134213 0.362500
3.143611 0.350000
3.153009 0.350000
3.162407 0.350000
3.171805 0.350000
3.181203 0.350000
3.190601 0.350000
3.199999 0.350000
3.209397 0.337500
3.218794 0.337500
3.228192 0.325000
3.237590 0.312500
3.246988 0.287500
3.256386 0.262500
3.265784 0.250000
3.275182 0.250000
3.284580 0.200000
3.293978 0.262500
3.303376 0.287500
3.312774 0.325000
3.322172 0.325000
3.331570 0.337500
3.340968 0.337500
3.350366 0.337500
3.359764 0.350000
3.369161 0.350000
3.378559 0.350000
3.387957 0.350000
3.397355 0.362500
3.406753 0.362500
3.416151 0.362500
3.425549 0.362500
3.434947 0.375000
3.444345 0.375000
3.453743 0.375000
3.463141 0.387500
3.472539 0.387500
3.481937 0.400000
3.491335 0.400000
3.500733 0.412500
3.510131 0.412500
3.519529 0.425000
3.528926 0.425000
3.538324 0.437500
3.547722 0.450000
3.557120 0.462500
3.566518 0.462500
3.575916 0.487500
3.585314 0.512500
3.594712 0.550000
3.604110 0.625000
3.613508 0.687500
3.622906 0.750000
3.632304 0.775000
3.641702 0.812500
3.651100 0.837500
3.660498 0.850000
3.669896 0.862500
3.679294 0.875000
3.688691 0.887500
3.698089 0.900000
3.707487 0.912500
3.716885 0.912500
3.726283 0.912500
3.735681 0.912500
3.745079 0.912500
3.754477 0.925000
3.763875 0.925000
3.773273 0.925000
3.782671 0.925000
3.792069 0.937500
3.801467 0.937500
3.810865 0.937500
3.820263 0.937500
3.829661 0.937500
3.839058 0.925000
3.848456 0.925000
3.857854 0.937500
3.867252 0.937500
3.876650 0.937500
3.886048 0.937500
3.895446 0.937500
3.904844 0.937500
3.914242 0.937500
3.923640 0.937500
3.933038 0.937500
3.942436 0.937500
3.951834 0.937500
3.961232 0.937500
3.970630 0.937500
3.980028 0.937500
3.989426 0.937500
3.998823 0.937500
4.008221 0.937500
4.017619 0.937500
4.027017 0.937500
4.036415 0.937500
4.045813 0.937500
4.055211 0.925000
4.064609 0.925000
4.074007 0.925000
4.083405 0.925000
4.092803 0.925000
4.102201 0.925000
4.111599 0.925000
4.120997 0.925000
4.130395 0.925000
4.139793 0.925000
4.149191 0.925000
4.158588 0.925000
4.167986 0.925000
4.177384 0.925000
4.186782 0.912500
4.196180 0.912500
4.205578 0.912500
4.214976 0.912500
4.224374 0.912500
4.233772 0.912500
4.243170 0.912500
4.252568 0.900000
4.261966 0.900000
4.271364 0.900000
4.280762 0.900000
4.290160 0.900000
4.299558 0.900000
4.308955 0.887500
4.318353 0.887500
4.327751 0.887500
4.337149 0.887500
4.346547 0.875000
4.355945 0.875000
4.365343 0.862500
4.374741 0.862500
4.384139 0.850000
4.393537 0.850000
4.402935 0.850000
4.412333 0.837500
4.421731 0.825000
4.431129 0.825000
4.440527 0.812500
4.449925 0.812500
4.459323 0.800000
4.468720 0.800000
4.478118 0.787500
4.487516 0.762500
4.496914 0.750000
4.506312 0.737500
4.515710 0.725000
4.525108 0.712500
4.534506 0.700000
4.543904 0.675000
4.553302 0.650000
4.562700 0.637500
4.572098 0.612500
4.581496 0.587500
4.590894 0.562500
4.600292 0.525000
4.609690 0.487500
4.619088 0.462500
4.628485 0.437500
4.637883 0.400000
4.647281 0.362500
4.656679 0.337500
4.666077 0.300000
4.675475 0.250000
4.684873 0.212500
4.694271 0.200000
