0.004699 2.362500
0.014097 2.362500
0.023495 2.362500
0.032893 2.375000
0.042291 2.375000
0.051689 2.375000
0.061087 2.375000
0.070485 2.375000
0.079882 2.375000
0.089280 2.375000
0.098678 2.375000
0.108076 2.362500
0.117474 2.375000
0.126872 2.375000
0.136270 2.375000
0.145668 2.375000
0.155066 2.375000
0.164464 2.375000
0.173862 2.387500
0.183260 2.387500
0.192658 2.387500
0.202056 2.387500
0.211454 2.400000
0.220852 2.400000
0.230250 2.400000
0.239647 2.400000
0.249045 2.400000
0.258443 2.400000
0.267841 2.412500
0.277239 2.412500
0.286637 2.400000
0.296035 2.412500
0.305433 2.412500
0.314831 2.412500
0.324229 2.412500
0.333627 2.412500
0.343025 2.412500
0.352423 2.412500
0.361821 2.412500
0.371219 2.412500
0.380617 2.412500
0.390015 2.425000
0.399412 2.412500
0.408810 2.412500
0.418208 2.412500
0.427606 2.412500
0.437004 2.425000
0.446402 2.425000
0.455800 2.425000
0.465198 2.412500
0.474596 2.425000
0.483994 2.425000
0.493392 2.425000
0.502790 2.425000
0.512188 2.425000
0.521586 2.425000
0.530984 2.425000
0.540382 2.425000
0.549779 2.425000
0.559177 2.437500
0.568575 2.437500
0.577973 2.437500
0.587371 2.437500
0.596769 2.437500
0.606167 2.437500
0.615565 2.437500
0.624963 2.437500
0.634361 2.437500
0.643759 2.437500
0.653157 2.437500
0.662555 2.437500
0.671953 2.437500
0.681351 2.437500
0.690749 2.437500
0.700147 2.425000
0.709544 2.425000
0.718942 2.425000
0.728340 2.425000
0.737738 2.412500
0.747136 2.412500
0.756534 2.412500
0.765932 2.400000
0.775330 2.400000
0.784728 2.387500
0.794126 2.387500
0.803524 2.375000
0.812922 2.375000
0.822320 2.362500
0.831718 2.350000
0.841116 2.325000
0.850514 2.312500
0.859912 2.300000
0.869309 2.275000
0.878707 2.250000
0.888105 2.212500
0.897503 2.187500
0.906901 2.150000
0.916299 2.112500
0.925697 2.075000
0.935095 2.037500
0.944493 1.987500
0.953891 1.937500
0.963289 1.887500
0.972687 1.825000
0.982085 1.762500
0.991483 1.700000
1.000881 1.637500
1.010279 1.575000
1.019676 1.525000
1.029074 1.462500
1.038472 1.400000
1.047870 1.325000
1.057268 1.250000
1.066666 1.175000
1.076064 1.100000
1.085462 1.037500
1.094860 0.950000
1.104258 0.887500
1.113656 0.800000
1.123054 0.725000
1.132452 0.650000
1.141850 0.637500
1.151248 0.625000
1.160646 0.625000
1.170044 0.625000
1.179441 0.612500
1.188839 0.612500
1.198237 0.612500
1.207635 0.612500
1.217033 0.600000
1.226431 0.600000
1.235829 0.600000
1.245227 0.600000
1.254625 0.600000
1.264023 0.587500
1.273421 0.587500
1.282819 0.587500
1.292217 0.587500
1.301615 0.587500
1.311013 0.587500
1.320411 0.575000
1.329809 0.575000
1.339206 0.575000
1.348604 0.575000
1.358002 0.575000
1.367400 0.575000
1.376798 0.575000
1.386196 0.575000
1.395594 0.575000
1.404992 0.575000
1.414390 0.575000
1.423788 0.562500
1.433186 0.562500
1.442584 0.562500
1.451982 0.562500
1.461380 0.562500
1.470778 0.562500
1.480176 0.562500
1.489573 0.562500
1.498971 0.562500
1.508369 0.562500
1.517767 0.562500
1.527165 0.562500
1.536563 0.575000
1.545961 0.575000
1.555359 0.575000
1.564757 0.575000
1.574155 0.575000
1.583553 0.575000
1.592951 0.575000
1.602349 0.575000
1.611747 0.575000
1.621145 0.575000
1.630543 0.587500
1.639941 0.587500
1.649338 0.587500
1.658736 0.587500
1.668134 0.587500
1.677532 0.587500
1.686930 0.600000
1.696328 0.600000
1.705726 0.600000
1.715124 0.600000
1.724522 0.612500
1.733920 0.612500
1.743318 0.612500
1.752716 0.612500
1.762114 0.612500
1.771512 0.612500
1.780910 0.612500
1.790308 0.625000
1.799706 0.625000
1.809103 0.625000
1.818501 0.625000
1.827899 0.625000
1.837297 0.637500
1.846695 0.637500
1.856093 0.650000
1.865491 0.650000
1.874889 0.650000
1.884287 0.650000
1.893685 0.650000
1.903083 0.637500
1.912481 0.637500
1.921879 0.625000
1.931277 0.612500
1.940675 0.612500
1.950073 0.600000
1.959470 0.600000
1.968868 0.587500
1.978266 0.587500
1.987664 0.575000
1.997062 0.562500
2.006460 0.487500
2.015858 0.287500
2.025256 0.275000
2.034654 0.262500
2.044052 0.262500
2.053450 0.250000
2.062848 0.250000
2.072246 0.250000
2.081644 0.237500
2.091042 0.237500
2.100440 0.237500
2.109838 0.237500
2.119235 0.237500
2.128633 0.237500
2.138031 0.237500
2.147429 0.237500
2.156827 0.237500
2.166225 0.237500
2.175623 0.237500
2.185021 0.237500
2.194419 0.237500
2.203817 0.237500
2.213215 0.237500
2.222613 0.237500
2.232011 0.237500
2.241409 0.237500
2.250807 0.237500
2.260205 0.237500
2.269603 0.237500
2.279000 0.237500
2.288398 0.237500
2.297796 0.237500
2.307194 0.237500
2.316592 0.237500
2.325990 0.237500
2.335388 0.237500
2.344786 0.237500
2.354184 0.237500
2.363582 0.250000
2.372980 0.250000
2.382378 0.250000
2.391776 0.250000
2.401174 0.250000
2.410572 0.250000
2.419970 0.250000
2.429367 0.250000
2.438765 0.250000
2.448163 0.250000
2.457561 0.250000
2.466959 0.250000
2.476357 0.250000
2.485755 0.250000
2.495153 0.250000
2.504551 0.262500
2.513949 0.262500
2.523347 0.262500
2.532745 0.262500
2.542143 0.262500
2.551541 0.275000
2.560939 0.275000
2.570337 0.275000
2.579735 0.287500
2.589132 0.287500
2.598530 0.300000
2.607928 0.312500
2.617326 0.337500
2.626724 0.350000
2.636122 0.362500
2.645520 0.375000
2.654918 0.375000
2.664316 0.387500
2.673714 0.387500
2.683112 0.387500
2.692510 0.400000
2.701908 0.400000
2.711306 0.400000
2.720704 0.412500
2.730102 0.412500
2.739500 0.412500
2.748897 0.412500
2.758295 0.412500
2.767693 0.412500
2.777091 0.412500
2.786489 0.425000
2.795887 0.425000
2.805285 0.425000
2.814683 0.425000
2.824081 0.425000
2.833479 0.425000
2.842877 0.425000
2.852275 0.425000
2.861673 0.425000
2.871071 0.425000
2.880469 0.425000
2.889867 0.425000
2.899264 0.425000
2.908662 0.425000
2.918060 0.425000
2.927458 0.425000
2.936856 0.425000
2.946254 0.425000
2.955652 0.425000
2.965050 0.425000
2.974448 0.425000
2.983846 0.425000
2.993244 0.425000
3.002642 0.425000
3.012040 0.425000
3.021438 0.425000
3.030836 0.425000
3.040234 0.425000
3.049632 0.425000
3.059029 0.425000
3.068427 0.425000
3.077825 0.425000
3.087223 0.425000
3.096621 0.437500
3.106019 0.437500
3.115417 0.437500
3.124815 0.425000
3.134213 0.425000
3.143611 0.425000
3.153009 0.425000
3.162407 0.425000
3.171805 0.425000
3.181203 0.425000
3.190601 0.425000
3.199999 0.425000
3.209397 0.425000
3.218794 0.425000
3.228192 0.425000
3.237590 0.425000
3.246988 0.425000
3.256386 0.425000
3.265784 0.425000
3.275182 0.425000
3.284580 0.425000
3.293978 0.425000
3.303376 0.425000
3.312774 0.425000
3.322172 0.425000
3.331570 0.437500
3.340968 0.437500
3.350366 0.437500
3.359764 0.437500
3.369161 0.437500
3.378559 0.437500
3.387957 0.437500
3.397355 0.437500
3.406753 0.450000
3.416151 0.450000
3.425549 0.450000
3.434947 0.462500
3.444345 0.462500
3.453743 0.475000
3.463141 0.487500
3.472539 0.525000
3.481937 0.725000
3.491335 0.962500
3.500733 1.050000
3.510131 1.100000
3.519529 1.137500
3.528926 1.162500
3.538324 1.200000
3.547722 1.212500
3.557120 1.225000
3.566518 1.237500
3.575916 1.250000
3.585314 1.262500
3.594712 1.275000
3.604110 1.275000
3.613508 1.287500
3.622906 1.287500
3.632304 1.287500
3.641702 1.287500
3.651100 1.287500
3.660498 1.287500
3.669896 1.287500
3.679294 1.287500
3.688691 1.287500
3.698089 1.287500
3.707487 1.287500
3.716885 1.287500
3.726283 1.287500
3.735681 1.287500
3.745079 1.275000
3.754477 1.275000
3.763875 1.275000
3.773273 1.275000
3.782671 1.275000
3.792069 1.275000
3.801467 1.262500
3.810865 1.262500
3.820263 1.262500
3.829661 1.262500
3.839058 1.262500
3.848456 1.262500
3.857854 1.262500
3.867252 1.250000
3.876650 1.250000
3.886048 1.250000
3.895446 1.250000
3.904844 1.250000
3.914242 1.250000
3.923640 1.250000
3.933038 1.250000
3.942436 1.250000
3.951834 1.250000
3.961232 1.237500
3.970630 1.237500
3.980028 1.237500
3.989426 1.237500
3.998823 1.237500
4.008221 1.237500
4.017619 1.237500
4.027017 1.237500
4.036415 1.237500
4.045813 1.237500
4.055211 1.237500
4.064609 1.225000
4.074007 1.225000
4.083405 1.225000
4.092803 1.225000
4.102201 1.225000
4.111599 1.225000
4.120997 1.225000
4.130395 1.225000
4.139793 1.225000
4.149191 1.225000
4.158588 1.225000
4.167986 1.225000
4.177384 1.225000
4.186782 1.225000
4.196180 1.225000
4.205578 1.225000
4.214976 1.225000
4.224374 1.225000
4.233772 1.225000
4.243170 1.225000
4.252568 1.225000
4.261966 1.225000
4.271364 1.225000
4.280762 1.225000
4.290160 1.225000
4.299558 1.225000
4.308955 1.225000
4.318353 1.225000
4.327751 1.225000
4.337149 1.225000
4.346547 1.225000
4.355945 1.225000
4.365343 1.225000
4.374741 1.225000
4.384139 1.225000
4.393537 1.225000
4.402935 1.225000
4.412333 1.225000
4.421731 1.225000
4.431129 1.225000
4.440527 1.225000
4.449925 1.225000
4.459323 1.225000
4.468720 1.225000
4.478118 1.225000
4.487516 1.225000
4.496914 1.225000
4.506312 1.225000
4.515710 1.225000
4.525108 1.225000
4.534506 1.225000
4.543904 1.225000
4.553302 1.225000
4.562700 1.225000
4.572098 1.225000
4.581496 1.225000
4.590894 1.225000
4.600292 1.225000
4.609690 1.225000
4.619088 1.225000
4.628485 1.225000
4.637883 1.225000
4.647281 1.225000
4.656679 1.225000
4.666077 1.225000
4.675475 1.225000
4.684873 1.225000
4.694271 1.225000
