0.004699 3.825000
0.014097 3.825000
0.023495 3.825000
0.032893 3.825000
0.042291 3.825000
0.051689 3.825000
0.061087 3.825000
0.070485 3.825000
0.079882 3.825000
0.089280 3.825000
0.098678 3.825000
0.108076 3.825000
0.117474 3.825000
0.126872 3.825000
0.136270 3.825000
0.145668 3.825000
0.155066 3.825000
0.164464 3.825000
0.173862 3.825000
0.183260 3.825000
0.192658 3.825000
0.202056 3.837500
0.211454 3.837500
0.220852 3.837500
0.230250 3.837500
0.239647 3.837500
0.249045 3.837500
0.258443 3.837500
0.267841 3.837500
0.277239 3.837500
0.286637 3.837500
0.296035 3.837500
0.305433 3.837500
0.314831 3.837500
0.324229 3.837500
0.333627 3.837500
0.343025 3.837500
0.352423 3.837500
0.361821 3.837500
0.371219 3.837500
0.380617 3.837500
0.390015 3.837500
0.399412 3.837500
0.408810 3.837500
0.418208 3.837500
0.427606 3.837500
0.437004 3.837500
0.446402 3.837500
0.455800 3.837500
0.465198 3.837500
0.474596 3.837500
0.483994 3.837500
0.493392 3.837500
0.502790 3.837500
0.512188 3.837500
0.521586 3.837500
0.530984 3.837500
0.540382 3.837500
0.549779 3.837500
0.559177 3.837500
0.568575 3.837500
0.577973 3.837500
0.587371 3.837500
0.596769 3.837500
0.606167 3.837500
0.615565 3.837500
0.624963 3.837500
0.634361 3.837500
0.643759 3.837500
0.653157 3.837500
0.662555 3.837500
0.671953 3.837500
0.681351 3.837500
0.690749 3.837500
0.700147 3.837500
0.709544 3.837500
0.718942 3.837500
0.728340 3.837500
0.737738 3.837500
0.747136 3.837500
0.756534 3.837500
0.765932 3.837500
0.775330 3.837500
0.784728 3.837500
0.794126 3.837500
0.803524 3.837500
0.812922 3.837500
0.822320 3.837500
0.831718 3.825000
0.841116 3.825000
0.850514 3.825000
0.859912 3.825000
0.869309 3.825000
0.878707 3.825000
0.888105 3.812500
0.897503 3.812500
0.906901 3.812500
0.916299 3.812500
0.925697 3.800000
0.935095 3.800000
0.944493 3.800000
0.953891 3.800000
0.963289 3.787500
0.972687 3.787500
0.982085 3.775000
0.991483 3.775000
1.000881 3.762500
1.010279 3.750000
1.019676 3.750000
1.029074 3.750000
1.038472 3.737500
1.047870 3.737500
1.057268 3.725000
1.066666 3.712500
1.076064 3.700000
1.085462 3.687500
1.094860 3.662500
1.104258 3.650000
1.113656 3.650000
1.123054 3.625000
1.132452 3.612500
1.141850 3.575000
1.151248 3.537500
1.160646 3.500000
1.170044 3.475000
1.179441 3.450000
1.188839 3.412500
1.198237 3.387500
1.207635 3.337500
1.217033 3.262500
1.226431 3.175000
1.235829 3.125000
1.245227 3.037500
1.254625 2.950000
1.264023 2.812500
1.273421 2.712500
1.282819 2.600000
1.292217 2.462500
1.301615 2.275000
1.311013 2.012500
1.320411 1.600000
1.329809 1.150000
1.339206 1.087500
1.348604 1.025000
1.358002 0.987500
1.367400 0.987500
1.376798 0.962500
1.386196 0.950000
1.395594 0.900000
1.404992 0.887500
1.414390 0.887500
1.423788 0.875000
1.433186 0.862500
1.442584 0.850000
1.451982 0.812500
1.461380 0.800000
1.470778 0.762500
1.480176 0.762500
1.489573 0.775000
1.498971 0.837500
1.508369 0.837500
1.517767 0.912500
1.527165 1.087500
1.536563 1.425000
1.545961 1.612500
1.555359 1.725000
1.564757 1.762500
1.574155 1.862500
1.583553 1.975000
1.592951 2.137500
1.602349 2.125000
1.611747 2.125000
1.621145 2.112500
1.630543 2.125000
1.639941 2.375000
1.649338 2.462500
1.658736 2.575000
1.668134 2.700000
1.677532 2.837500
1.686930 2.962500
1.696328 3.125000
1.705726 3.175000
1.715124 3.225000
1.724522 3.262500
1.733920 3.325000
1.743318 3.350000
1.752716 3.362500
1.762114 3.375000
1.771512 3.412500
1.780910 3.412500
1.790308 3.437500
1.799706 3.462500
1.809103 3.487500
1.818501 3.487500
1.827899 3.500000
1.837297 3.512500
1.846695 3.537500
1.856093 3.562500
1.865491 3.562500
1.874889 3.562500
1.884287 3.562500
1.893685 3.562500
1.903083 3.562500
1.912481 3.550000
1.921879 3.500000
1.931277 3.437500
1.940675 3.362500
1.950073 3.250000
1.959470 3.125000
1.968868 2.962500
1.978266 2.712500
1.987664 2.612500
1.997062 2.500000
2.006460 2.362500
2.015858 2.275000
2.025256 1.987500
2.034654 1.700000
2.044052 1.400000
2.053450 1.300000
2.062848 1.200000
2.072246 1.100000
2.081644 0.625000
2.091042 0.600000
2.100440 0.300000
2.109838 0.287500
2.119235 0.300000
2.128633 0.300000
2.138031 0.287500
2.147429 0.287500
2.156827 0.287500
2.166225 0.287500
2.175623 0.287500
2.185021 0.287500
2.194419 0.287500
2.203817 0.287500
2.213215 0.287500
2.222613 0.287500
2.232011 0.287500
2.241409 0.287500
2.250807 0.287500
2.260205 0.287500
2.269603 0.300000
2.279000 0.300000
2.288398 0.300000
2.297796 0.312500
2.307194 0.312500
2.316592 0.312500
2.325990 0.325000
2.335388 0.325000
2.344786 0.337500
2.354184 0.337500
2.363582 0.337500
2.372980 0.337500
2.382378 0.350000
2.391776 0.350000
2.401174 0.362500
2.410572 0.362500
2.419970 0.362500
2.429367 0.375000
2.438765 0.375000
2.448163 0.387500
2.457561 0.387500
2.466959 0.387500
2.476357 0.387500
2.485755 0.400000
2.495153 0.400000
2.504551 0.412500
2.513949 0.412500
2.523347 0.412500
2.532745 0.425000
2.542143 0.425000
2.551541 0.425000
2.560939 0.437500
2.570337 0.437500
2.579735 0.437500
2.589132 0.450000
2.598530 0.450000
2.607928 0.462500
2.617326 0.462500
2.626724 0.462500
2.636122 0.462500
2.645520 0.462500
2.654918 0.475000
2.664316 0.487500
2.673714 0.487500
2.683112 0.500000
2.692510 0.487500
2.701908 0.500000
2.711306 0.500000
2.720704 0.500000
2.730102 0.512500
2.739500 0.512500
2.748897 0.537500
2.758295 0.562500
2.767693 0.550000
2.777091 0.550000
2.786489 0.550000
2.795887 0.587500
2.805285 0.550000
2.814683 0.550000
2.824081 0.587500
2.833479 0.637500
2.842877 0.762500
2.852275 0.775000
2.861673 0.750000
2.871071 0.700000
2.880469 0.700000
2.889867 0.712500
2.899264 0.712500
2.908662 0.712500
2.918060 0.737500
2.927458 0.750000
2.936856 0.750000
2.946254 0.737500
2.955652 0.737500
2.965050 0.750000
2.974448 0.712500
2.983846 0.712500
2.993244 0.750000
3.002642 0.762500
3.012040 0.775000
3.021438 0.800000
3.030836 0.837500
3.040234 0.862500
3.049632 0.850000
3.059029 0.850000
3.068427 0.862500
3.077825 0.875000
3.087223 0.925000
3.096621 0.950000
3.106019 0.987500
3.115417 0.887500
3.124815 0.800000
3.134213 0.737500
3.143611 0.675000
3.153009 0.650000
3.162407 0.637500
3.171805 0.637500
3.181203 0.600000
3.190601 0.600000
3.199999 0.600000
3.209397 0.600000
3.218794 0.575000
3.228192 0.562500
3.237590 0.562500
3.246988 0.550000
3.256386 0.550000
3.265784 0.550000
3.275182 0.562500
3.284580 0.550000
3.293978 0.587500
3.303376 0.650000
3.312774 0.775000
3.322172 0.875000
3.331570 1.000000
3.340968 1.075000
3.350366 1.112500
3.359764 1.137500
3.369161 1.187500
3.378559 1.225000
3.387957 1.262500
3.397355 1.337500
3.406753 1.462500
3.416151 1.612500
3.425549 1.900000
3.434947 2.175000
3.444345 2.412500
3.453743 2.562500
3.463141 2.762500
3.472539 2.887500
3.481937 3.037500
3.491335 3.175000
3.500733 3.275000
3.510131 3.325000
3.519529 3.375000
3.528926 3.425000
3.538324 3.475000
3.547722 3.500000
3.557120 3.525000
3.566518 3.537500
3.575916 3.550000
3.585314 3.562500
3.594712 3.562500
3.604110 3.575000
3.613508 3.575000
3.622906 3.575000
3.632304 3.575000
3.641702 3.575000
3.651100 3.575000
3.660498 3.575000
3.669896 3.587500
3.679294 3.587500
3.688691 3.575000
3.698089 3.575000
3.707487 3.562500
3.716885 3.562500
3.726283 3.550000
3.735681 3.550000
3.745079 3.525000
3.754477 3.525000
3.763875 3.525000
3.773273 3.512500
3.782671 3.500000
3.792069 3.487500
3.801467 3.475000
3.810865 3.462500
3.820263 3.437500
3.829661 3.425000
3.839058 3.425000
3.848456 3.412500
3.857854 3.400000
3.867252 3.387500
3.876650 3.375000
3.886048 3.362500
3.895446 3.350000
3.904844 3.350000
3.914242 3.337500
3.923640 3.325000
3.933038 3.312500
3.942436 3.300000
3.951834 3.275000
3.961232 3.262500
3.970630 3.262500
3.980028 3.250000
3.989426 3.237500
3.998823 3.212500
4.008221 3.175000
4.017619 3.162500
4.027017 3.137500
4.036415 3.112500
4.045813 3.100000
4.055211 3.075000
4.064609 3.037500
4.074007 3.012500
4.083405 3.000000
4.092803 2.987500
4.102201 3.000000
4.111599 2.987500
4.120997 2.987500
4.130395 2.975000
4.139793 2.950000
4.149191 2.937500
4.158588 2.925000
4.167986 2.900000
4.177384 2.900000
4.186782 2.875000
4.196180 2.862500
4.205578 2.850000
4.214976 2.837500
4.224374 2.812500
4.233772 2.812500
4.243170 2.825000
4.252568 2.825000
4.261966 2.837500
4.271364 2.825000
4.280762 2.825000
4.290160 2.837500
4.299558 2.837500
4.308955 2.812500
4.318353 2.825000
4.327751 2.812500
4.337149 2.812500
4.346547 2.800000
4.355945 2.787500
4.365343 2.775000
4.374741 2.750000
4.384139 2.737500
4.393537 2.725000
4.402935 2.725000
4.412333 2.700000
4.421731 2.687500
4.431129 2.687500
4.440527 2.675000
4.449925 2.675000
4.459323 2.687500
4.468720 2.675000
4.478118 2.650000
4.487516 2.650000
4.496914 2.650000
4.506312 2.625000
4.515710 2.612500
4.525108 2.625000
4.534506 2.625000
4.543904 2.625000
4.553302 2.587500
4.562700 2.587500
4.572098 2.600000
4.581496 2.600000
4.590894 2.587500
4.600292 2.587500
4.609690 2.600000
4.619088 2.625000
4.628485 2.637500
4.637883 2.637500
4.647281 2.625000
4.656679 2.650000
4.666077 2.662500
4.675475 2.662500
4.684873 2.687500
4.694271 2.725000
