0.004699 2.363611
0.014097 2.360176
0.023495 2.360859
0.032893 2.362708
0.042291 2.362300
0.051689 2.361010
0.061087 2.361162
0.070485 2.362056
0.079882 2.362202
0.089280 2.362647
0.098678 2.361744
0.108076 2.359560
0.117474 2.361152
0.126872 2.360524
0.136270 2.359252
0.145668 2.360723
0.155066 2.362705
0.164464 2.366086
0.173862 2.370268
0.183260 2.373052
0.192658 2.374395
0.202056 2.377812
0.211454 2.381047
0.220852 2.385113
0.230250 2.386507
0.239647 2.386583
0.249045 2.387703
0.258443 2.389436
0.267841 2.390636
0.277239 2.391029
0.286637 2.389346
0.296035 2.390741
0.305433 2.392013
0.314831 2.393161
0.324229 2.393716
0.333627 2.393721
0.343025 2.396197
0.352423 2.393126
0.361821 2.395273
0.371219 2.398442
0.380617 2.400072
0.390015 2.401494
0.399412 2.397747
0.408810 2.397193
0.418208 2.394633
0.427606 2.395704
0.437004 2.397760
0.446402 2.399435
0.455800 2.397999
0.465198 2.397596
0.474596 2.400867
0.483994 2.401857
0.493392 2.401248
0.502790 2.402663
0.512188 2.405048
0.521586 2.404441
0.530984 2.410264
0.540382 2.412508
0.549779 2.413762
0.559177 2.417006
0.568575 2.416187
0.577973 2.415962
0.587371 2.415354
0.596769 2.419962
0.606167 2.420891
0.615565 2.417309
0.624963 2.416957
0.634361 2.419825
0.643759 2.422242
0.653157 2.424746
0.662555 2.424537
0.671953 2.419975
0.681351 2.421621
0.690749 2.421069
0.700147 2.418136
0.709544 2.414938
0.718942 2.413682
0.728340 2.409370
0.737738 2.405617
0.747136 2.403678
0.756534 2.399139
0.765932 2.393721
0.775330 2.389180
0.784728 2.383815
0.794126 2.376089
0.803524 2.368700
0.812922 2.361078
0.822320 2.350291
0.831718 2.337789
0.841116 2.325311
0.850514 2.306577
0.859912 2.292558
0.869309 2.273175
0.878707 2.244957
0.888105 2.221541
0.897503 2.200203
0.906901 2.174783
0.916299 2.142632
0.925697 2.114234
0.935095 2.086177
0.944493 2.051673
0.953891 2.015358
0.963289 1.985733
0.972687 1.949579
0.982085 1.908708
0.991483 1.868891
1.000881 1.833604
1.010279 1.803415
1.019676 1.777376
1.029074 1.746897
1.038472 1.720503
1.047870 1.688095
1.057268 1.657084
1.066666 1.625007
1.076064 1.592145
1.085462 1.558166
1.094860 1.519683
1.104258 1.487965
1.113656 1.447863
1.123054 1.411815
1.132452 1.365252
1.141850 1.306511
1.151248 1.249113
1.160646 1.204040
1.170044 1.168039
1.179441 1.140396
1.188839 1.106613
1.198237 1.078127
1.207635 1.047419
1.217033 1.000482
1.226431 0.957948
1.235829 0.934508
1.245227 0.898627
1.254625 0.868723
1.264023 0.827932
1.273421 0.799665
1.282819 0.773010
1.292217 0.744925
1.301615 0.716073
1.311013 0.682750
1.320411 0.654481
1.329809 0.621806
1.339206 0.611510
1.348604 0.597283
1.358002 0.591636
1.367400 0.593412
1.376798 0.589586
1.386196 0.589242
1.395594 0.580744
1.404992 0.577420
1.414390 0.579811
1.423788 0.574271
1.433186 0.574547
1.442584 0.571844
1.451982 0.565844
1.461380 0.563424
1.470778 0.559310
1.480176 0.561882
1.489573 0.565880
1.498971 0.580501
1.508369 0.585932
1.517767 0.601258
1.527165 0.621828
1.536563 0.639190
1.545961 0.649197
1.555359 0.658972
1.564757 0.663441
1.574155 0.669028
1.583553 0.679928
1.592951 0.698723
1.602349 0.701595
1.611747 0.703009
1.621145 0.704976
1.630543 0.711866
1.639941 0.748697
1.649338 0.764974
1.658736 0.785707
1.668134 0.810636
1.677532 0.841412
1.686930 0.870865
1.696328 0.919791
1.705726 0.956386
1.715124 0.990615
1.724522 1.020421
1.733920 1.060129
1.743318 1.094600
1.752716 1.114274
1.762114 1.135224
1.771512 1.159935
1.780910 1.170746
1.790308 1.188136
1.799706 1.215822
1.809103 1.234284
1.818501 1.252628
1.827899 1.264939
1.837297 1.283883
1.846695 1.304547
1.856093 1.329177
1.865491 1.332362
1.874889 1.335302
1.884287 1.333990
1.893685 1.326039
1.903083 1.313186
1.912481 1.269077
1.921879 1.191648
1.931277 1.118816
1.940675 1.033836
1.950073 0.961420
1.959470 0.888762
1.968868 0.809727
1.978266 0.722010
1.987664 0.686769
1.997062 0.651569
2.006460 0.615598
2.015858 0.588377
2.025256 0.542751
2.034654 0.505549
2.044052 0.469289
2.053450 0.446688
2.062848 0.424956
2.072246 0.399534
2.081644 0.344159
2.091042 0.314152
2.100440 0.216875
2.109838 0.209746
2.119235 0.246971
2.128633 0.241695
2.138031 0.241622
2.147429 0.240360
2.156827 0.231044
2.166225 0.232210
2.175623 0.233391
2.185021 0.232757
2.194419 0.233399
2.203817 0.236092
2.213215 0.235080
2.222613 0.235868
2.232011 0.236807
2.241409 0.238273
2.250807 0.239440
2.260205 0.240902
2.269603 0.242835
2.279000 0.244556
2.288398 0.246466
2.297796 0.251257
2.307194 0.251874
2.316592 0.263366
2.325990 0.266342
2.335388 0.268564
2.344786 0.269515
2.354184 0.271349
2.363582 0.273773
2.372980 0.271925
2.382378 0.268439
2.391776 0.265734
2.401174 0.264116
2.410572 0.266961
2.419970 0.274806
2.429367 0.276269
2.438765 0.279316
2.448163 0.287186
2.457561 0.291588
2.466959 0.296298
2.476357 0.292771
2.485755 0.295771
2.495153 0.302739
2.504551 0.306997
2.513949 0.311451
2.523347 0.319287
2.532745 0.331984
2.542143 0.336786
2.551541 0.341869
2.560939 0.346280
2.570337 0.361891
2.579735 0.366931
2.589132 0.376625
2.598530 0.389779
2.607928 0.392014
2.617326 0.395702
2.626724 0.396451
2.636122 0.403826
2.645520 0.411604
2.654918 0.424212
2.664316 0.433763
2.673714 0.429070
2.683112 0.439911
2.692510 0.436565
2.701908 0.440484
2.711306 0.448106
2.720704 0.450389
2.730102 0.454889
2.739500 0.462342
2.748897 0.474965
2.758295 0.481044
2.767693 0.481204
2.777091 0.482367
2.786489 0.484573
2.795887 0.494858
2.805285 0.487073
2.814683 0.487298
2.824081 0.494346
2.833479 0.504431
2.842877 0.521723
2.852275 0.524480
2.861673 0.521558
2.871071 0.516833
2.880469 0.515978
2.889867 0.516989
2.899264 0.518649
2.908662 0.518268
2.918060 0.520421
2.927458 0.522532
2.936856 0.523757
2.946254 0.520963
2.955652 0.522221
2.965050 0.525009
2.974448 0.518797
2.983846 0.519255
2.993244 0.524506
3.002642 0.525762
3.012040 0.527529
3.021438 0.531153
3.030836 0.533964
3.040234 0.534726
3.049632 0.533221
3.059029 0.533002
3.068427 0.532873
3.077825 0.532944
3.087223 0.535599
3.096621 0.537283
3.106019 0.537004
3.115417 0.532192
3.124815 0.524993
3.134213 0.518725
3.143611 0.511311
3.153009 0.508337
3.162407 0.506430
3.171805 0.504657
3.181203 0.495137
3.190601 0.491585
3.199999 0.492245
3.209397 0.487353
3.218794 0.475602
3.228192 0.463398
3.237590 0.459204
3.246988 0.450683
3.256386 0.441262
3.265784 0.441560
3.275182 0.444329
3.284580 0.436777
3.293978 0.454561
3.303376 0.470630
3.312774 0.489641
3.322172 0.499859
3.331570 0.513614
3.340968 0.523124
3.350366 0.534490
3.359764 0.540475
3.369161 0.555743
3.378559 0.569409
3.387957 0.584170
3.397355 0.606178
3.406753 0.627051
3.416151 0.654623
3.425549 0.693334
3.434947 0.737594
3.444345 0.783755
3.453743 0.827719
3.463141 0.886717
3.472539 0.941929
3.481937 1.014099
3.491335 1.089565
3.500733 1.166242
3.510131 1.224393
3.519529 1.283322
3.528926 1.354550
3.538324 1.417474
3.547722 1.466242
3.557120 1.507062
3.566518 1.538426
3.575916 1.574871
3.585314 1.602157
3.594712 1.620768
3.604110 1.642624
3.613508 1.653954
3.622906 1.663198
3.632304 1.667574
3.641702 1.670384
3.651100 1.672994
3.660498 1.676187
3.669896 1.676211
3.679294 1.675262
3.688691 1.671741
3.698089 1.665846
3.707487 1.661085
3.716885 1.655399
3.726283 1.649094
3.735681 1.641579
3.745079 1.632902
3.754477 1.627196
3.763875 1.622893
3.773273 1.617238
3.782671 1.606707
3.792069 1.596558
3.801467 1.589582
3.810865 1.581350
3.820263 1.571441
3.829661 1.559028
3.839058 1.551270
3.848456 1.542918
3.857854 1.537414
3.867252 1.531899
3.876650 1.526854
3.886048 1.519543
3.895446 1.511769
3.904844 1.506131
3.914242 1.501472
3.923640 1.495614
3.933038 1.491722
3.942436 1.485315
3.951834 1.478584
3.961232 1.472594
3.970630 1.469364
3.980028 1.465604
3.989426 1.460486
3.998823 1.455089
4.008221 1.448058
4.017619 1.442184
4.027017 1.432745
4.036415 1.427768
4.045813 1.423259
4.055211 1.415354
4.064609 1.406374
4.074007 1.401510
4.083405 1.400461
4.092803 1.399650
4.102201 1.398869
4.111599 1.395172
4.120997 1.395250
4.130395 1.395247
4.139793 1.389503
4.149191 1.386371
4.158588 1.385479
4.167986 1.381898
4.177384 1.381129
4.186782 1.377166
4.196180 1.372368
4.205578 1.373336
4.214976 1.371448
4.224374 1.369522
4.233772 1.368580
4.243170 1.369017
4.252568 1.368331
4.261966 1.370614
4.271364 1.370620
4.280762 1.369976
4.290160 1.370348
4.299558 1.369462
4.308955 1.367163
4.318353 1.369562
4.327751 1.368104
4.337149 1.368749
4.346547 1.367303
4.355945 1.364892
4.365343 1.363107
4.374741 1.359379
4.384139 1.357407
4.393537 1.354559
4.402935 1.354801
4.412333 1.352825
4.421731 1.350010
4.431129 1.348553
4.440527 1.347129
4.449925 1.346128
4.459323 1.346168
4.468720 1.345515
4.478118 1.341436
4.487516 1.337873
4.496914 1.337230
4.506312 1.331115
4.515710 1.328979
4.525108 1.327385
4.534506 1.326547
4.543904 1.323748
4.553302 1.316095
4.562700 1.313910
4.572098 1.311968
4.581496 1.311682
4.590894 1.304242
4.600292 1.302014
4.609690 1.296692
4.619088 1.296472
4.628485 1.295518
4.637883 1.292664
4.647281 1.287469
4.656679 1.290221
4.666077 1.286541
4.675475 1.282562
4.684873 1.282630
4.694271 1.285243
