   3.200001E+02    3.830329E+01    5.338193E+01
   2.650000E+02    3.563556E+01    4.772783E+01
   2.290000E+02    3.350257E+01    4.393796E+01
   1.940000E+02    3.104334E+01    4.011494E+01
   1.590000E+02    2.810172E+01    3.605125E+01
   1.320000E+02    2.542151E+01    3.264505E+01
   1.150000E+02    2.351396E+01    3.031888E+01
   9.699999E+01    2.127976E+01    2.764378E+01
   7.900001E+01    1.879348E+01    2.467543E+01
   6.600000E+01    1.681803E+01    2.228788E+01
   5.700000E+01    1.535008E+01    2.048006E+01
   4.900000E+01    1.396836E+01    1.874144E+01
   4.000000E+01    1.231705E+01    1.660427E+01
   3.300000E+01    1.095066E+01    1.478043E+01
   2.750000E+01    9.814660E+00    1.322735E+01
   2.250000E+01    8.717849E+00    1.170494E+01
   1.880000E+01    7.850533E+00    1.049493E+01
   1.620000E+01    7.201227E+00    9.590873E+00
   1.370000E+01    6.535118E+00    8.667447E+00
   1.120000E+01    5.815429E+00    7.673154E+00
   9.400000E+00    5.255232E+00    6.897638E+00
   8.100000E+00    4.824244E+00    6.296350E+00
   6.900000E+00    4.403715E+00    5.702447E+00
   5.600000E+00    3.919874E+00    5.006368E+00
   4.700000E+00    3.564734E+00    4.484822E+00
   4.100000E+00    3.316950E+00    4.115438E+00
   3.400000E+00    3.014012E+00    3.658683E+00
   2.810000E+00    2.743526E+00    3.248318E+00
   2.340000E+00    2.514217E+00    2.901478E+00
   2.030000E+00    2.353638E+00    2.661141E+00
   1.720000E+00    2.182834E+00    2.409756E+00
   1.410000E+00    1.997819E+00    2.144823E+00
   1.170000E+00    1.840657E+00    1.927849E+00
   1.020000E+00    1.733817E+00    1.785464E+00
   8.600000E-01    1.609947E+00    1.626138E+00
   7.000000E-01    1.472321E+00    1.456614E+00
   5.900000E-01    1.366960E+00    1.332097E+00
   5.100000E-01    1.283086E+00    1.236253E+00
   4.300000E-01    1.191211E+00    1.134955E+00
   3.500000E-01    1.088185E+00    1.026994E+00
   2.930000E-01    1.004607E+00    9.447626E-01
   2.540000E-01    9.401409E-01    8.847837E-01
   2.150000E-01    8.673095E-01    8.199904E-01
   1.760000E-01    7.832354E-01    7.469756E-01
   1.460000E-01    7.090752E-01    6.811557E-01
   1.270000E-01    6.575267E-01    6.327070E-01
   1.070000E-01    5.998435E-01    5.738441E-01
   8.800000E-02    5.429199E-01    5.084607E-01
   7.300000E-02    4.978315E-01    4.492036E-01
   6.300001E-02    4.684305E-01    4.057316E-01
   5.400000E-02    4.428410E-01    3.639958E-01
   4.400000E-02    4.156713E-01    3.151435E-01
   3.700000E-02    3.974254E-01    2.798905E-01
   3.200000E-02    3.846049E-01    2.545510E-01
   2.690000E-02    3.713607E-01    2.289833E-01
   2.200000E-02    3.578178E-01    2.052311E-01
   1.830000E-02    3.462532E-01    1.883212E-01
   1.590000E-02    3.375543E-01    1.780927E-01
   1.340000E-02    3.267766E-01    1.682934E-01
   1.100000E-02    3.137272E-01    1.599280E-01
   9.199999E-03    3.011136E-01    1.544252E-01
   7.900001E-03    2.896773E-01    1.508430E-01
   6.700001E-03    2.765972E-01    1.477173E-01
   5.500000E-03    2.600472E-01    1.444907E-01
   4.600001E-03    2.444089E-01    1.416350E-01
   4.000001E-03    2.318946E-01    1.392361E-01
   3.400000E-03    2.172092E-01    1.361128E-01
   2.750000E-03    1.981435E-01    1.313450E-01
   2.290000E-03    1.820932E-01    1.265563E-01
   1.980000E-03    1.697704E-01    1.223286E-01
   1.680000E-03    1.564393E-01    1.171639E-01
   1.370000E-03    1.409000E-01    1.103066E-01
   1.140000E-03    1.279473E-01    1.038526E-01
