   3.200001E+02    3.933909E+01    5.336308E+01
   2.650000E+02    3.625288E+01    4.772304E+01
   2.290000E+02    3.389972E+01    4.392044E+01
   1.940000E+02    3.127144E+01    4.007515E+01
   1.590000E+02    2.820705E+01    3.598774E+01
   1.320000E+02    2.546274E+01    3.256888E+01
   1.150000E+02    2.352694E+01    3.023980E+01
   9.699999E+01    2.127114E+01    2.756715E+01
   7.900001E+01    1.876983E+01    2.460747E+01
   6.600000E+01    1.678647E+01    2.223042E+01
   5.700000E+01    1.531364E+01    2.043246E+01
   4.900000E+01    1.392673E+01    1.870465E+01
   4.000000E+01    1.226594E+01    1.658112E+01
   3.300000E+01    1.088717E+01    1.476592E+01
   2.750000E+01    9.738245E+00    1.321437E+01
   2.250000E+01    8.629943E+00    1.168541E+01
   1.880000E+01    7.758093E+00    1.046418E+01
   1.620000E+01    7.110245E+00    9.549405E+00
   1.370000E+01    6.451086E+00    8.614931E+00
   1.120000E+01    5.745026E+00    7.611524E+00
   9.400000E+00    5.198705E+00    6.832842E+00
   8.100000E+00    4.779263E+00    6.232121E+00
   6.900000E+00    4.369799E+00    5.641369E+00
   5.600000E+00    3.897382E+00    4.951673E+00
   4.700000E+00    3.549217E+00    4.436112E+00
   4.100000E+00    3.305497E+00    4.071196E+00
   3.400000E+00    3.006713E+00    3.619855E+00
   2.810000E+00    2.739403E+00    3.213988E+00
   2.340000E+00    2.512653E+00    2.870585E+00
   2.030000E+00    2.353934E+00    2.632449E+00
   1.720000E+00    2.185264E+00    2.383280E+00
   1.410000E+00    2.002785E+00    2.120692E+00
   1.170000E+00    1.847975E+00    1.905714E+00
   1.020000E+00    1.742881E+00    1.764711E+00
   8.600000E-01    1.621272E+00    1.607124E+00
   7.000000E-01    1.486462E+00    1.440085E+00
   5.900000E-01    1.383168E+00    1.318259E+00
   5.100000E-01    1.300438E+00    1.225158E+00
   4.300000E-01    1.208735E+00    1.127212E+00
   3.500000E-01    1.104066E+00    1.022427E+00
   2.930000E-01    1.018023E+00    9.411553E-01
   2.540000E-01    9.516554E-01    8.804166E-01
   2.150000E-01    8.776536E-01    8.132354E-01
   1.760000E-01    7.946860E-01    7.363776E-01
   1.460000E-01    7.242027E-01    6.676871E-01
   1.270000E-01    6.765722E-01    6.184314E-01
   1.070000E-01    6.241178E-01    5.606314E-01
   8.800000E-02    5.723501E-01    4.991020E-01
   7.300000E-02    5.303028E-01    4.453788E-01
   6.300001E-02    5.016741E-01    4.068453E-01
   5.400000E-02    4.753716E-01    3.702434E-01
   4.400000E-02    4.451786E-01    3.274364E-01
   3.700000E-02    4.229555E-01    2.961540E-01
   3.200000E-02    4.061206E-01    2.731406E-01
   2.690000E-02    3.876223E-01    2.490318E-01
   2.200000E-02    3.679229E-01    2.250966E-01
   1.830000E-02    3.512471E-01    2.063287E-01
   1.590000E-02    3.393450E-01    1.937624E-01
   1.340000E-02    3.258127E-01    1.803891E-01
   1.100000E-02    3.113857E-01    1.675653E-01
   9.199999E-03    2.991333E-01    1.584325E-01
   7.900001E-03    2.889463E-01    1.525237E-01
   6.700001E-03    2.777551E-01    1.479778E-01
   5.500000E-03    2.634419E-01    1.446626E-01
   4.600001E-03    2.490605E-01    1.429966E-01
   4.000001E-03    2.366570E-01    1.420029E-01
   3.400000E-03    2.209750E-01    1.405076E-01
   2.750000E-03    1.989923E-01    1.368926E-01
   2.290000E-03    1.796079E-01    1.314883E-01
   1.980000E-03    1.646845E-01    1.255205E-01
   1.680000E-03    1.490318E-01    1.171839E-01
   1.370000E-03    1.321320E-01    1.051512E-01
   1.140000E-03    1.196607E-01    9.355724E-02
