   3.200001E+02    3.797369E+01    5.392677E+01
   2.650000E+02    3.530865E+01    4.771467E+01
   2.290000E+02    3.333529E+01    4.367078E+01
   1.940000E+02    3.110906E+01    3.974819E+01
   1.590000E+02    2.839243E+01    3.577018E+01
   1.320000E+02    2.579482E+01    3.254538E+01
   1.150000E+02    2.386372E+01    3.035438E+01
   9.699999E+01    2.153012E+01    2.779612E+01
   7.900001E+01    1.888959E+01    2.486444E+01
   6.600000E+01    1.680862E+01    2.242900E+01
   5.700000E+01    1.529770E+01    2.055392E+01
   4.900000E+01    1.391395E+01    1.874519E+01
   4.000000E+01    1.230853E+01    1.654456E+01
   3.300000E+01    1.100458E+01    1.470809E+01
   2.750000E+01    9.916849E+00    1.318057E+01
   2.250000E+01    8.843141E+00    1.170888E+01
   1.880000E+01    7.967640E+00    1.054534E+01
   1.620000E+01    7.295789E+00    9.670745E+00
   1.370000E+01    6.595233E+00    8.765748E+00
   1.120000E+01    5.832998E+00    7.772749E+00
   9.400000E+00    5.242628E+00    6.984141E+00
   8.100000E+00    4.793775E+00    6.365730E+00
   6.900000E+00    4.362318E+00    5.751222E+00
   5.600000E+00    3.875215E+00    5.029943E+00
   4.700000E+00    3.524096E+00    4.491352E+00
   4.100000E+00    3.281973E+00    4.111922E+00
   3.400000E+00    2.988398E+00    3.645910E+00
   2.810000E+00    2.727595E+00    3.230717E+00
   2.340000E+00    2.506602E+00    2.882556E+00
   2.030000E+00    2.351458E+00    2.642775E+00
   1.720000E+00    2.185733E+00    2.393184E+00
   1.410000E+00    2.005052E+00    2.131292E+00
   1.170000E+00    1.850440E+00    1.917414E+00
   1.020000E+00    1.744770E+00    1.777199E+00
   8.600000E-01    1.621833E+00    1.620371E+00
   7.000000E-01    1.484843E+00    1.453788E+00
   5.900000E-01    1.379487E+00    1.331916E+00
   5.100000E-01    1.294938E+00    1.238472E+00
   4.300000E-01    1.201139E+00    1.139774E+00
   3.500000E-01    1.094145E+00    1.033610E+00
   2.930000E-01    1.006415E+00    9.507945E-01
   2.540000E-01    9.389886E-01    8.886471E-01
   2.150000E-01    8.641349E-01    8.197365E-01
   1.760000E-01    7.806975E-01    7.408546E-01
   1.460000E-01    7.102488E-01    6.704914E-01
   1.270000E-01    6.628653E-01    6.201914E-01
   1.070000E-01    6.108746E-01    5.613749E-01
   8.800000E-02    5.597299E-01    4.990284E-01
   7.300000E-02    5.182748E-01    4.448093E-01
   6.300001E-02    4.900740E-01    4.060338E-01
   5.400000E-02    4.641709E-01    3.692814E-01
   4.400000E-02    4.344359E-01    3.263913E-01
   3.700000E-02    4.125471E-01    2.951240E-01
   3.200000E-02    3.959570E-01    2.721873E-01
   2.690000E-02    3.776905E-01    2.482653E-01
   2.200000E-02    3.580970E-01    2.246947E-01
   1.830000E-02    3.412318E-01    2.063634E-01
   1.590000E-02    3.289107E-01    1.941107E-01
   1.340000E-02    3.144917E-01    1.809197E-01
   1.100000E-02    2.985883E-01    1.677135E-01
   9.199999E-03    2.848198E-01    1.573825E-01
   7.900001E-03    2.735037E-01    1.496728E-01
   6.700001E-03    2.616291E-01    1.423728E-01
   5.500000E-03    2.477729E-01    1.349051E-01
   4.600001E-03    2.354404E-01    1.291835E-01
   4.000001E-03    2.258599E-01    1.252805E-01
   3.400000E-03    2.147328E-01    1.212413E-01
   2.750000E-03    2.001735E-01    1.165374E-01
   2.290000E-03    1.875825E-01    1.127690E-01
   1.980000E-03    1.775895E-01    1.098346E-01
   1.680000E-03    1.663719E-01    1.064788E-01
   1.370000E-03    1.526645E-01    1.021347E-01
   1.140000E-03    1.406530E-01    9.798082E-02
