   3.200001E+02    3.830386E+01    5.342391E+01
   2.650000E+02    3.563561E+01    4.769981E+01
   2.290000E+02    3.352008E+01    4.387901E+01
   1.940000E+02    3.108783E+01    4.004266E+01
   1.590000E+02    2.817677E+01    3.598677E+01
   1.320000E+02    2.551574E+01    3.260281E+01
   1.150000E+02    2.361466E+01    3.029744E+01
   9.699999E+01    2.137971E+01    2.764840E+01
   7.900001E+01    1.888265E+01    2.470729E+01
   6.600000E+01    1.689249E+01    2.233809E+01
   5.700000E+01    1.541063E+01    2.054171E+01
   4.900000E+01    1.401316E+01    1.881207E+01
   4.000000E+01    1.233828E+01    1.668230E+01
   3.300000E+01    1.094741E+01    1.485890E+01
   2.750000E+01    9.788496E+00    1.329867E+01
   2.250000E+01    8.670851E+00    1.175983E+01
   1.880000E+01    7.792113E+00    1.052976E+01
   1.620000E+01    7.139672E+00    9.607817E+00
   1.370000E+01    6.476617E+00    8.665665E+00
   1.120000E+01    5.767633E+00    7.654016E+00
   9.400000E+00    5.220089E+00    6.869469E+00
   8.100000E+00    4.800259E+00    6.264937E+00
   6.900000E+00    4.390667E+00    5.671350E+00
   5.600000E+00    3.917917E+00    4.979784E+00
   4.700000E+00    3.568881E+00    4.463904E+00
   4.100000E+00    3.323946E+00    4.099260E+00
   3.400000E+00    3.022673E+00    3.648647E+00
   2.810000E+00    2.751934E+00    3.243535E+00
   2.340000E+00    2.521236E+00    2.900546E+00
   2.030000E+00    2.359164E+00    2.662392E+00
   1.720000E+00    2.186446E+00    2.412759E+00
   1.410000E+00    1.999156E+00    2.148996E+00
   1.170000E+00    1.840041E+00    1.932384E+00
   1.020000E+00    1.731953E+00    1.789891E+00
   8.600000E-01    1.606869E+00    1.630091E+00
   7.000000E-01    1.468424E+00    1.459791E+00
   5.900000E-01    1.362878E+00    1.334839E+00
   5.100000E-01    1.278970E+00    1.239010E+00
   4.300000E-01    1.186766E+00    1.138211E+00
   3.500000E-01    1.082298E+00    1.031062E+00
   2.930000E-01    9.963849E-01    9.488629E-01
   2.540000E-01    9.296169E-01    8.878824E-01
   2.150000E-01    8.543357E-01    8.204432E-01
   1.760000E-01    7.688957E-01    7.424354E-01
   1.460000E-01    6.959303E-01    6.712504E-01
   1.270000E-01    6.468971E-01    6.192172E-01
   1.070000E-01    5.937446E-01    5.572422E-01
   8.800000E-02    5.428957E-01    4.905916E-01
   7.300000E-02    5.034063E-01    4.323456E-01
   6.300001E-02    4.777442E-01    3.908770E-01
   5.400000E-02    4.551861E-01    3.519975E-01
   4.400000E-02    4.305529E-01    3.075568E-01
   3.700000E-02    4.132063E-01    2.761510E-01
   3.200000E-02    4.003758E-01    2.539015E-01
   2.690000E-02    3.863578E-01    2.317131E-01
   2.200000E-02    3.710928E-01    2.113072E-01
   1.830000E-02    3.573691E-01    1.968444E-01
   1.590000E-02    3.467554E-01    1.880588E-01
   1.340000E-02    3.334475E-01    1.795045E-01
   1.100000E-02    3.173573E-01    1.718802E-01
   9.199999E-03    3.020235E-01    1.664308E-01
   7.900001E-03    2.883935E-01    1.624681E-01
   6.700001E-03    2.731576E-01    1.585458E-01
   5.500000E-03    2.544215E-01    1.539441E-01
   4.600001E-03    2.372427E-01    1.495700E-01
   4.000001E-03    2.238327E-01    1.458847E-01
   3.400000E-03    2.084425E-01    1.412378E-01
   2.750000E-03    1.889562E-01    1.345583E-01
   2.290000E-03    1.729274E-01    1.282838E-01
   1.980000E-03    1.608208E-01    1.230225E-01
   1.680000E-03    1.478916E-01    1.168658E-01
   1.370000E-03    1.330051E-01    1.090400E-01
   1.140000E-03    1.207186E-01    1.019485E-01
