   3.200001E+02    3.859386E+01    5.446610E+01
   2.650000E+02    3.550641E+01    4.836926E+01
   2.290000E+02    3.322957E+01    4.428152E+01
   1.940000E+02    3.073711E+01    4.019265E+01
   1.590000E+02    2.786351E+01    3.592155E+01
   1.320000E+02    2.529125E+01    3.242200E+01
   1.150000E+02    2.346549E+01    3.007675E+01
   9.699999E+01    2.131736E+01    2.741955E+01
   7.900001E+01    1.890178E+01    2.450864E+01
   6.600000E+01    1.695740E+01    2.218426E+01
   5.700000E+01    1.549610E+01    2.042813E+01
   4.900000E+01    1.410674E+01    1.873830E+01
   4.000000E+01    1.242738E+01    1.665421E+01
   3.300000E+01    1.102217E+01    1.486358E+01
   2.750000E+01    9.845293E+00    1.332504E+01
   2.250000E+01    8.706465E+00    1.180103E+01
   1.880000E+01    7.809228E+00    1.057778E+01
   1.620000E+01    7.142422E+00    9.657760E+00
   1.370000E+01    6.464628E+00    8.714425E+00
   1.120000E+01    5.740426E+00    7.697466E+00
   9.400000E+00    5.182312E+00    6.905573E+00
   8.100000E+00    4.755709E+00    6.293368E+00
   6.900000E+00    4.341229E+00    5.690637E+00
   5.600000E+00    3.865820E+00    4.986796E+00
   4.700000E+00    3.517505E+00    4.461116E+00
   4.100000E+00    3.274714E+00    4.089551E+00
   3.400000E+00    2.978146E+00    3.630837E+00
   2.810000E+00    2.713671E+00    3.219351E+00
   2.340000E+00    2.489790E+00    2.872067E+00
   2.030000E+00    2.333230E+00    2.631751E+00
   1.720000E+00    2.166910E+00    2.380761E+00
   1.410000E+00    1.986966E+00    2.116794E+00
   1.170000E+00    1.834215E+00    1.901167E+00
   1.020000E+00    1.730371E+00    1.760005E+00
   8.600000E-01    1.609915E+00    1.602425E+00
   7.000000E-01    1.475935E+00    1.435267E+00
   5.900000E-01    1.373207E+00    1.312887E+00
   5.100000E-01    1.291282E+00    1.218976E+00
   4.300000E-01    1.201302E+00    1.120058E+00
   3.500000E-01    1.099891E+00    1.015055E+00
   2.930000E-01    1.017023E+00    9.352688E-01
   2.540000E-01    9.526839E-01    8.769978E-01
   2.150000E-01    8.796519E-01    8.137192E-01
   1.760000E-01    7.952410E-01    7.417275E-01
   1.460000E-01    7.211212E-01    6.762499E-01
   1.270000E-01    6.699870E-01    6.279222E-01
   1.070000E-01    6.132412E-01    5.693761E-01
   8.800000E-02    5.577021E-01    5.049050E-01
   7.300000E-02    5.138643E-01    4.471941E-01
   6.300001E-02    4.851700E-01    4.053497E-01
   5.400000E-02    4.599239E-01    3.655835E-01
   4.400000E-02    4.324873E-01    3.195409E-01
   3.700000E-02    4.133645E-01    2.866377E-01
   3.200000E-02    3.993835E-01    2.631319E-01
   2.690000E-02    3.843050E-01    2.394925E-01
   2.200000E-02    3.681407E-01    2.174988E-01
   1.830000E-02    3.538361E-01    2.016639E-01
   1.590000E-02    3.429129E-01    1.918739E-01
   1.340000E-02    3.293771E-01    1.821399E-01
   1.100000E-02    3.132278E-01    1.732123E-01
   9.199999E-03    2.980345E-01    1.666491E-01
   7.900001E-03    2.846706E-01    1.618053E-01
   6.700001E-03    2.698675E-01    1.570249E-01
   5.500000E-03    2.518245E-01    1.515602E-01
   4.600001E-03    2.354004E-01    1.465897E-01
   4.000001E-03    2.226351E-01    1.425721E-01
   3.400000E-03    2.080206E-01    1.376904E-01
   2.750000E-03    1.895320E-01    1.309383E-01
   2.290000E-03    1.743005E-01    1.247886E-01
   1.980000E-03    1.627613E-01    1.197273E-01
   1.680000E-03    1.503871E-01    1.138785E-01
   1.370000E-03    1.360516E-01    1.065164E-01
   1.140000E-03    1.241296E-01    9.988297E-02
