   3.200001E+02    3.904993E+01    5.373639E+01
   2.650000E+02    3.597377E+01    4.799023E+01
   2.290000E+02    3.364599E+01    4.409428E+01
   1.940000E+02    3.106803E+01    4.015017E+01
   1.590000E+02    2.808611E+01    3.597228E+01
   1.320000E+02    2.542684E+01    3.250475E+01
   1.150000E+02    2.355073E+01    3.016156E+01
   9.699999E+01    2.135783E+01    2.749277E+01
   7.900001E+01    1.891055E+01    2.455933E+01
   6.600000E+01    1.695340E+01    2.221496E+01
   5.700000E+01    1.548865E+01    2.044470E+01
   4.900000E+01    1.410002E+01    1.874297E+01
   4.000000E+01    1.242602E+01    1.664728E+01
   3.300000E+01    1.102861E+01    1.485028E+01
   2.750000E+01    9.859967E+00    1.330987E+01
   2.250000E+01    8.729266E+00    1.178810E+01
   1.880000E+01    7.837064E+00    1.056968E+01
   1.620000E+01    7.172301E+00    9.654664E+00
   1.370000E+01    6.494520E+00    8.716980E+00
   1.120000E+01    5.767820E+00    7.705630E+00
   9.400000E+00    5.206256E+00    6.916989E+00
   8.100000E+00    4.776445E+00    6.306334E+00
   6.900000E+00    4.358684E+00    5.704247E+00
   5.600000E+00    3.879677E+00    5.000192E+00
   4.700000E+00    3.529017E+00    4.473884E+00
   4.100000E+00    3.284766E+00    4.101758E+00
   3.400000E+00    2.986569E+00    3.642339E+00
   2.810000E+00    2.720696E+00    3.230288E+00
   2.340000E+00    2.495568E+00    2.882600E+00
   2.030000E+00    2.338050E+00    2.642026E+00
   1.720000E+00    2.170597E+00    2.390759E+00
   1.410000E+00    1.989267E+00    2.126434E+00
   1.170000E+00    1.835195E+00    1.910396E+00
   1.020000E+00    1.730387E+00    1.768853E+00
   8.600000E-01    1.608796E+00    1.610673E+00
   7.000000E-01    1.473674E+00    1.442645E+00
   5.900000E-01    1.370262E+00    1.319566E+00
   5.100000E-01    1.287891E+00    1.225217E+00
   4.300000E-01    1.197351E+00    1.126045E+00
   3.500000E-01    1.094853E+00    1.020943E+00
   2.930000E-01    1.010527E+00    9.408431E-01
   2.540000E-01    9.447811E-01    8.818545E-01
   2.150000E-01    8.701871E-01    8.170170E-01
   1.760000E-01    7.846395E-01    7.422182E-01
   1.460000E-01    7.106711E-01    6.737008E-01
   1.270000E-01    6.604687E-01    6.232569E-01
   1.070000E-01    6.056218E-01    5.626831E-01
   8.800000E-02    5.527810E-01    4.969466E-01
   7.300000E-02    5.115247E-01    4.390620E-01
   6.300001E-02    4.846099E-01    3.976473E-01
   5.400000E-02    4.608633E-01    3.586874E-01
   4.400000E-02    4.347925E-01    3.139964E-01
   3.700000E-02    4.163070E-01    2.822695E-01
   3.200000E-02    4.025566E-01    2.596632E-01
   2.690000E-02    3.874785E-01    2.369178E-01
   2.200000E-02    3.710701E-01    2.156525E-01
   1.830000E-02    3.564359E-01    2.001776E-01
   1.590000E-02    3.452600E-01    1.904750E-01
   1.340000E-02    3.314771E-01    1.806571E-01
   1.100000E-02    3.151905E-01    1.714330E-01
   9.199999E-03    3.000509E-01    1.644877E-01
   7.900001E-03    2.868780E-01    1.592878E-01
   6.700001E-03    2.724255E-01    1.541423E-01
   5.500000E-03    2.549695E-01    1.483301E-01
   4.600001E-03    2.391885E-01    1.431747E-01
   4.000001E-03    2.269657E-01    1.391157E-01
   3.400000E-03    2.129896E-01    1.343043E-01
   2.750000E-03    1.952887E-01    1.278254E-01
   2.290000E-03    1.806492E-01    1.220510E-01
   1.980000E-03    1.695017E-01    1.173581E-01
   1.680000E-03    1.574743E-01    1.119761E-01
   1.370000E-03    1.434224E-01    1.052322E-01
   1.140000E-03    1.316205E-01    9.915959E-02
