   3.200001E+02    3.977899E+01    5.426464E+01
   2.650000E+02    3.626445E+01    4.831208E+01
   2.290000E+02    3.374043E+01    4.426211E+01
   1.940000E+02    3.104767E+01    4.017040E+01
   1.590000E+02    2.802768E+01    3.586720E+01
   1.320000E+02    2.538742E+01    3.233485E+01
   1.150000E+02    2.354030E+01    2.997219E+01
   9.699999E+01    2.138640E+01    2.730535E+01
   7.900001E+01    1.897827E+01    2.439968E+01
   6.600000E+01    1.704302E+01    2.209118E+01
   5.700000E+01    1.558728E+01    2.035254E+01
   4.900000E+01    1.420063E+01    1.868268E+01
   4.000000E+01    1.251955E+01    1.662581E+01
   3.300000E+01    1.110686E+01    1.485934E+01
   2.750000E+01    9.917670E+00    1.334030E+01
   2.250000E+01    8.760347E+00    1.183149E+01
   1.880000E+01    7.844297E+00    1.061449E+01
   1.620000E+01    7.162403E+00    9.693970E+00
   1.370000E+01    6.470393E+00    8.744649E+00
   1.120000E+01    5.735391E+00    7.715417E+00
   9.400000E+00    5.174307E+00    6.911365E+00
   8.100000E+00    4.749453E+00    6.289772E+00
   6.900000E+00    4.340142E+00    5.679295E+00
   5.600000E+00    3.874223E+00    4.970190E+00
   4.700000E+00    3.534220E+00    4.444331E+00
   4.100000E+00    3.297142E+00    4.074889E+00
   3.400000E+00    3.006474E+00    3.621402E+00
   2.810000E+00    2.745256E+00    3.216804E+00
   2.340000E+00    2.521898E+00    2.876526E+00
   2.030000E+00    2.364188E+00    2.641384E+00
   1.720000E+00    2.195121E+00    2.395751E+00
   1.410000E+00    2.010372E+00    2.136881E+00
   1.170000E+00    1.852184E+00    1.924459E+00
   1.020000E+00    1.744165E+00    1.784627E+00
   8.600000E-01    1.618774E+00    1.627663E+00
   7.000000E-01    1.479633E+00    1.460412E+00
   5.900000E-01    1.373089E+00    1.337967E+00
   5.100000E-01    1.287742E+00    1.244230E+00
   4.300000E-01    1.192919E+00    1.145442E+00
   3.500000E-01    1.084127E+00    1.039174E+00
   2.930000E-01    9.942806E-01    9.557055E-01
   2.540000E-01    9.250026E-01    8.923149E-01
   2.150000E-01    8.482655E-01    8.209971E-01
   1.760000E-01    7.636596E-01    7.380837E-01
   1.460000E-01    6.936831E-01    6.634445E-01
   1.270000E-01    6.476858E-01    6.100839E-01
   1.070000E-01    5.984204E-01    5.480874E-01
   8.800000E-02    5.513084E-01    4.832601E-01
   7.300000E-02    5.140895E-01    4.279420E-01
   6.300001E-02    4.891784E-01    3.891199E-01
   5.400000E-02    4.664696E-01    3.529639E-01
   4.400000E-02    4.403948E-01    3.116203E-01
   3.700000E-02    4.210198E-01    2.820905E-01
   3.200000E-02    4.061415E-01    2.607787E-01
   2.690000E-02    3.895018E-01    2.389095E-01
   2.200000E-02    3.712876E-01    2.178098E-01
   1.830000E-02    3.552323E-01    2.018132E-01
   1.590000E-02    3.432203E-01    1.913771E-01
   1.340000E-02    3.287783E-01    1.803947E-01
   1.100000E-02    3.122625E-01    1.696254E-01
   9.199999E-03    2.974014E-01    1.612526E-01
   7.900001E-03    2.847980E-01    1.549147E-01
   6.700001E-03    2.712526E-01    1.486986E-01
   5.500000E-03    2.551852E-01    1.419026E-01
   4.600001E-03    2.408413E-01    1.361830E-01
   4.000001E-03    2.297959E-01    1.319080E-01
   3.400000E-03    2.171849E-01    1.270862E-01
   2.750000E-03    2.011677E-01    1.209450E-01
   2.290000E-03    1.878205E-01    1.157275E-01
   1.980000E-03    1.775625E-01    1.116119E-01
   1.680000E-03    1.663760E-01    1.069844E-01
   1.370000E-03    1.531167E-01    1.012683E-01
   1.140000E-03    1.417951E-01    9.615290E-02
