   3.200001E+02    3.942763E+01    5.348058E+01
   2.650000E+02    3.620356E+01    4.765101E+01
   2.290000E+02    3.382635E+01    4.373265E+01
   1.940000E+02    3.122637E+01    3.979755E+01
   1.590000E+02    2.823636E+01    3.566134E+01
   1.320000E+02    2.557137E+01    3.224660E+01
   1.150000E+02    2.368845E+01    2.994368E+01
   9.699999E+01    2.148376E+01    2.732071E+01
   7.900001E+01    1.901937E+01    2.443288E+01
   6.600000E+01    1.704723E+01    2.211907E+01
   5.700000E+01    1.557156E+01    2.036818E+01
   4.900000E+01    1.417321E+01    1.868245E+01
   4.000000E+01    1.248811E+01    1.660350E+01
   3.300000E+01    1.108147E+01    1.481809E+01
   2.750000E+01    9.905168E+00    1.328484E+01
   2.250000E+01    8.768173E+00    1.176701E+01
   1.880000E+01    7.873103E+00    1.054974E+01
   1.620000E+01    7.208097E+00    9.635112E+00
   1.370000E+01    6.531906E+00    8.698373E+00
   1.120000E+01    5.808456E+00    7.689856E+00
   9.400000E+00    5.249602E+00    6.905360E+00
   8.100000E+00    4.821293E+00    6.299140E+00
   6.900000E+00    4.403968E+00    5.702267E+00
   5.600000E+00    3.923627E+00    5.004833E+00
   4.700000E+00    3.570456E+00    4.483351E+00
   4.100000E+00    3.323625E+00    4.114323E+00
   3.400000E+00    3.021365E+00    3.658127E+00
   2.810000E+00    2.751107E+00    3.248201E+00
   2.340000E+00    2.521814E+00    2.901609E+00
   2.030000E+00    2.361205E+00    2.661368E+00
   1.720000E+00    2.190368E+00    2.410035E+00
   1.410000E+00    2.005331E+00    2.145125E+00
   1.170000E+00    1.848172E+00    1.928142E+00
   1.020000E+00    1.741380E+00    1.785732E+00
   8.600000E-01    1.617675E+00    1.626413E+00
   7.000000E-01    1.480386E+00    1.457142E+00
   5.900000E-01    1.375225E+00    1.333189E+00
   5.100000E-01    1.291237E+00    1.238059E+00
   4.300000E-01    1.198679E+00    1.137629E+00
   3.500000E-01    1.094022E+00    1.030172E+00
   2.930000E-01    1.008721E+00    9.473839E-01
   2.540000E-01    9.431222E-01    8.861710E-01
   2.150000E-01    8.697767E-01    8.192629E-01
   1.760000E-01    7.867187E-01    7.435251E-01
   1.460000E-01    7.150402E-01    6.760123E-01
   1.270000E-01    6.659007E-01    6.273284E-01
   1.070000E-01    6.111509E-01    5.695740E-01
   8.800000E-02    5.566526E-01    5.070675E-01
   7.300000E-02    5.123482E-01    4.514784E-01
   6.300001E-02    4.823916E-01    4.109947E-01
   5.400000E-02    4.552179E-01    3.720679E-01
   4.400000E-02    4.247301E-01    3.259763E-01
   3.700000E-02    4.030109E-01    2.919483E-01
   3.200000E-02    3.870928E-01    2.667908E-01
   2.690000E-02    3.702017E-01    2.404528E-01
   2.200000E-02    3.528517E-01    2.145784E-01
   1.830000E-02    3.384716E-01    1.947382E-01
   1.590000E-02    3.281884E-01    1.817641E-01
   1.340000E-02    3.162528E-01    1.681888E-01
   1.100000E-02    3.030209E-01    1.551187E-01
   9.199999E-03    2.913539E-01    1.452933E-01
   7.900001E-03    2.815472E-01    1.381713E-01
   6.700001E-03    2.710229E-01    1.315491E-01
   5.500000E-03    2.584719E-01    1.248189E-01
   4.600001E-03    2.471321E-01    1.196179E-01
   4.000001E-03    2.382744E-01    1.160102E-01
   3.400000E-03    2.279937E-01    1.122075E-01
   2.750000E-03    2.146297E-01    1.077082E-01
   2.290000E-03    2.031903E-01    1.041112E-01
   1.980000E-03    1.941890E-01    1.013689E-01
   1.680000E-03    1.841472E-01    9.834002E-02
   1.370000E-03    1.719165E-01    9.461729E-02
   1.140000E-03    1.611721E-01    9.125259E-02
