   3.200001E+02    3.951869E+01    5.421372E+01
   2.650000E+02    3.629727E+01    4.827645E+01
   2.290000E+02    3.392154E+01    4.428316E+01
   1.940000E+02    3.132369E+01    4.027407E+01
   1.590000E+02    2.833586E+01    3.606562E+01
   1.320000E+02    2.567063E+01    3.259843E+01
   1.150000E+02    2.378511E+01    3.026452E+01
   9.699999E+01    2.157384E+01    2.761031E+01
   7.900001E+01    1.909679E+01    2.469181E+01
   6.600000E+01    1.711033E+01    2.235474E+01
   5.700000E+01    1.562165E+01    2.058616E+01
   4.900000E+01    1.420943E+01    1.888279E+01
   4.000000E+01    1.250602E+01    1.678061E+01
   3.300000E+01    1.108338E+01    1.497324E+01
   2.750000E+01    9.894188E+00    1.341922E+01
   2.250000E+01    8.746516E+00    1.187929E+01
   1.880000E+01    7.845223E+00    1.064399E+01
   1.620000E+01    7.176991E+00    9.716436E+00
   1.370000E+01    6.498336E+00    8.767634E+00
   1.120000E+01    5.772153E+00    7.747676E+00
   9.400000E+00    5.210303E+00    6.954880E+00
   8.100000E+00    4.778948E+00    6.341932E+00
   6.900000E+00    4.358228E+00    5.737504E+00
   5.600000E+00    3.874281E+00    5.029359E+00
   4.700000E+00    3.519582E+00    4.498346E+00
   4.100000E+00    3.272761E+00    4.121873E+00
   3.400000E+00    2.972248E+00    3.655907E+00
   2.810000E+00    2.705639E+00    3.236941E+00
   2.340000E+00    2.481415E+00    2.882761E+00
   2.030000E+00    2.325707E+00    2.637466E+00
   1.720000E+00    2.161612E+00    2.381285E+00
   1.410000E+00    1.986111E+00    2.112376E+00
   1.170000E+00    1.839228E+00    1.894080E+00
   1.020000E+00    1.740500E+00    1.752743E+00
   8.600000E-01    1.626624E+00    1.597724E+00
   7.000000E-01    1.498952E+00    1.438247E+00
   5.900000E-01    1.397977E+00    1.325459E+00
   5.100000E-01    1.313808E+00    1.240708E+00
   4.300000E-01    1.216371E+00    1.151442E+00
   3.500000E-01    1.100394E+00    1.052983E+00
   2.930000E-01    1.003089E+00    9.721565E-01
   2.540000E-01    9.283707E-01    9.084307E-01
   2.150000E-01    8.468445E-01    8.348733E-01
   1.760000E-01    7.590954E-01    7.482431E-01
   1.460000E-01    6.883098E-01    6.704780E-01
   1.270000E-01    6.425331E-01    6.154416E-01
   1.070000E-01    5.939365E-01    5.522535E-01
   8.800000E-02    5.475626E-01    4.870468E-01
   7.300000E-02    5.106880E-01    4.320040E-01
   6.300001E-02    4.857209E-01    3.936187E-01
   5.400000E-02    4.626515E-01    3.579716E-01
   4.400000E-02    4.356975E-01    3.171955E-01
   3.700000E-02    4.153322E-01    2.879232E-01
   3.200000E-02    3.995444E-01    2.666173E-01
   2.690000E-02    3.818388E-01    2.444908E-01
   2.200000E-02    3.625798E-01    2.227836E-01
   1.830000E-02    3.458693E-01    2.060553E-01
   1.590000E-02    3.335880E-01    1.950438E-01
   1.340000E-02    3.190784E-01    1.834566E-01
   1.100000E-02    3.027562E-01    1.722614E-01
   9.199999E-03    2.881811E-01    1.638471E-01
   7.900001E-03    2.757789E-01    1.577445E-01
   6.700001E-03    2.622910E-01    1.520129E-01
   5.500000E-03    2.459692E-01    1.459661E-01
   4.600001E-03    2.310819E-01    1.409107E-01
   4.000001E-03    2.194581E-01    1.370555E-01
   3.400000E-03    2.060995E-01    1.325705E-01
   2.750000E-03    1.891447E-01    1.266634E-01
   2.290000E-03    1.751138E-01    1.215812E-01
   1.980000E-03    1.643896E-01    1.176222E-01
   1.680000E-03    1.526961E-01    1.132911E-01
   1.370000E-03    1.386930E-01    1.081441E-01
   1.140000E-03    1.264509E-01    1.036679E-01
