   3.200001E+02    3.882768E+01    5.393433E+01
   2.650000E+02    3.580854E+01    4.800119E+01
   2.290000E+02    3.354459E+01    4.403342E+01
   1.940000E+02    3.103433E+01    4.006236E+01
   1.590000E+02    2.810955E+01    3.589852E+01
   1.320000E+02    2.547560E+01    3.246408E+01
   1.150000E+02    2.360305E+01    3.014716E+01
   9.699999E+01    2.140181E+01    2.750588E+01
   7.900001E+01    1.893416E+01    2.459381E+01
   6.600000E+01    1.695682E+01    2.225724E+01
   5.700000E+01    1.547714E+01    2.048736E+01
   4.900000E+01    1.407591E+01    1.878229E+01
   4.000000E+01    1.238968E+01    1.667914E+01
   3.300000E+01    1.098458E+01    1.487405E+01
   2.750000E+01    9.810915E+00    1.332572E+01
   2.250000E+01    8.676550E+00    1.179468E+01
   1.880000E+01    7.782940E+00    1.056715E+01
   1.620000E+01    7.118759E+00    9.644168E+00
   1.370000E+01    6.443867E+00    8.697565E+00
   1.120000E+01    5.723801E+00    7.676659E+00
   9.400000E+00    5.170308E+00    6.881715E+00
   8.100000E+00    4.748402E+00    6.267632E+00
   6.900000E+00    4.339525E+00    5.663974E+00
   5.600000E+00    3.871571E+00    4.960922E+00
   4.700000E+00    3.528991E+00    4.437589E+00
   4.100000E+00    3.290010E+00    4.068726E+00
   3.400000E+00    2.997442E+00    3.614566E+00
   2.810000E+00    2.735466E+00    3.208215E+00
   2.340000E+00    2.512544E+00    2.865860E+00
   2.030000E+00    2.355872E+00    2.629135E+00
   1.720000E+00    2.188643E+00    2.381902E+00
   1.410000E+00    2.006772E+00    2.121676E+00
   1.170000E+00    1.851664E+00    1.908750E+00
   1.020000E+00    1.745886E+00    1.769085E+00
   8.600000E-01    1.622904E+00    1.612819E+00
   7.000000E-01    1.485848E+00    1.446483E+00
   5.900000E-01    1.380697E+00    1.324196E+00
   5.100000E-01    1.296917E+00    1.230015E+00
   4.300000E-01    1.205101E+00    1.130519E+00
   3.500000E-01    1.101959E+00    1.024717E+00
   2.930000E-01    1.017876E+00    9.443588E-01
   2.540000E-01    9.525950E-01    8.857471E-01
   2.150000E-01    8.783571E-01    8.221321E-01
   1.760000E-01    7.922528E-01    7.495954E-01
   1.460000E-01    7.163939E-01    6.832113E-01
   1.270000E-01    6.640014E-01    6.338613E-01
   1.070000E-01    6.059421E-01    5.736541E-01
   8.800000E-02    5.494240E-01    5.068726E-01
   7.300000E-02    5.052834E-01    4.467484E-01
   6.300001E-02    4.767914E-01    4.029980E-01
   5.400000E-02    4.521367E-01    3.613292E-01
   4.400000E-02    4.259973E-01    3.130084E-01
   3.700000E-02    4.083413E-01    2.784595E-01
   3.200000E-02    3.957948E-01    2.537979E-01
   2.690000E-02    3.826230E-01    2.290599E-01
   2.200000E-02    3.688559E-01    2.061978E-01
   1.830000E-02    3.568520E-01    1.899629E-01
   1.590000E-02    3.477072E-01    1.801285E-01
   1.340000E-02    3.363055E-01    1.706464E-01
   1.100000E-02    3.224956E-01    1.624155E-01
   9.199999E-03    3.092243E-01    1.568297E-01
   7.900001E-03    2.972955E-01    1.530440E-01
   6.700001E-03    2.837880E-01    1.495931E-01
   5.500000E-03    2.669013E-01    1.458920E-01
   4.600001E-03    2.511322E-01    1.425898E-01
   4.000001E-03    2.386229E-01    1.398686E-01
   3.400000E-03    2.240417E-01    1.364331E-01
   2.750000E-03    2.052217E-01    1.313969E-01
   2.290000E-03    1.894287E-01    1.265203E-01
   1.980000E-03    1.773066E-01    1.223158E-01
   1.680000E-03    1.641711E-01    1.172648E-01
   1.370000E-03    1.487983E-01    1.106501E-01
   1.140000E-03    1.359052E-01    1.044789E-01
