   3.200001E+02    3.827371E+01    5.358849E+01
   2.650000E+02    3.562960E+01    4.764134E+01
   2.290000E+02    3.357560E+01    4.373037E+01
   1.940000E+02    3.122473E+01    3.986242E+01
   1.590000E+02    2.839417E+01    3.584054E+01
   1.320000E+02    2.577145E+01    3.252830E+01
   1.150000E+02    2.387220E+01    3.028350E+01
   9.699999E+01    2.161222E+01    2.770233E+01
   7.900001E+01    1.905843E+01    2.481802E+01
   6.600000E+01    1.701006E+01    2.247092E+01
   5.700000E+01    1.548362E+01    2.067527E+01
   4.900000E+01    1.404774E+01    1.893425E+01
   4.000000E+01    1.233677E+01    1.677795E+01
   3.300000E+01    1.092767E+01    1.492551E+01
   2.750000E+01    9.763246E+00    1.333953E+01
   2.250000E+01    8.649122E+00    1.177771E+01
   1.880000E+01    7.778941E+00    1.053337E+01
   1.620000E+01    7.135444E+00    9.604488E+00
   1.370000E+01    6.482519E+00    8.659640E+00
   1.120000E+01    5.783313E+00    7.650697E+00
   9.400000E+00    5.240544E+00    6.871923E+00
   8.100000E+00    4.821594E+00    6.273228E+00
   6.900000E+00    4.409922E+00    5.685483E+00
   5.600000E+00    3.930995E+00    4.999099E+00
   4.700000E+00    3.575259E+00    4.484628E+00
   4.100000E+00    3.325055E+00    4.119173E+00
   3.400000E+00    3.017491E+00    3.665143E+00
   2.810000E+00    2.742231E+00    3.254631E+00
   2.340000E+00    2.509328E+00    2.905563E+00
   2.030000E+00    2.346971E+00    2.662611E+00
   1.720000E+00    2.175312E+00    2.407735E+00
   1.410000E+00    1.990872E+00    2.138620E+00
   1.170000E+00    1.835538E+00    1.918187E+00
   1.020000E+00    1.730645E+00    1.773703E+00
   8.600000E-01    1.609735E+00    1.612404E+00
   7.000000E-01    1.476192E+00    1.441620E+00
   5.900000E-01    1.374289E+00    1.317121E+00
   5.100000E-01    1.293076E+00    1.222036E+00
   4.300000E-01    1.203618E+00    1.122245E+00
   3.500000E-01    1.102242E+00    1.016290E+00
   2.930000E-01    1.019198E+00    9.352404E-01
   2.540000E-01    9.549855E-01    8.755583E-01
   2.150000E-01    8.828181E-01    8.104350E-01
   1.760000E-01    8.006821E-01    7.366913E-01
   1.460000E-01    7.295391E-01    6.708337E-01
   1.270000E-01    6.806747E-01    6.232635E-01
   1.070000E-01    6.261777E-01    5.667732E-01
   8.800000E-02    5.718973E-01    5.056335E-01
   7.300000E-02    5.277437E-01    4.513501E-01
   6.300001E-02    4.978541E-01    4.119387E-01
   5.400000E-02    4.706769E-01    3.742033E-01
   4.400000E-02    4.400124E-01    3.298304E-01
   3.700000E-02    4.179322E-01    2.973793E-01
   3.200000E-02    4.015238E-01    2.736157E-01
   2.690000E-02    3.837851E-01    2.490003E-01
   2.200000E-02    3.650609E-01    2.251352E-01
   1.830000E-02    3.490357E-01    2.070746E-01
   1.590000E-02    3.372501E-01    1.953716E-01
   1.340000E-02    3.232161E-01    1.831880E-01
   1.100000E-02    3.072377E-01    1.714421E-01
   9.199999E-03    2.928433E-01    1.624964E-01
   7.900001E-03    2.805844E-01    1.558513E-01
   6.700001E-03    2.673356E-01    1.494416E-01
   5.500000E-03    2.515106E-01    1.425399E-01
   4.600001E-03    2.372846E-01    1.367905E-01
   4.000001E-03    2.262735E-01    1.325095E-01
   3.400000E-03    2.136520E-01    1.276801E-01
   2.750000E-03    1.975651E-01    1.215054E-01
   2.290000E-03    1.841315E-01    1.162259E-01
   1.980000E-03    1.738016E-01    1.120371E-01
   1.680000E-03    1.625417E-01    1.073032E-01
   1.370000E-03    1.492155E-01    1.014265E-01
   1.140000E-03    1.378651E-01    9.614823E-02
