   3.200001E+02    3.808556E+01    5.355920E+01
   2.650000E+02    3.545304E+01    4.769464E+01
   2.290000E+02    3.338913E+01    4.380303E+01
   1.940000E+02    3.102486E+01    3.992317E+01
   1.590000E+02    2.819129E+01    3.585778E+01
   1.320000E+02    2.558692E+01    3.249477E+01
   1.150000E+02    2.371458E+01    3.021592E+01
   9.699999E+01    2.149912E+01    2.760506E+01
   7.900001E+01    1.900493E+01    2.470908E+01
   6.600000E+01    1.700348E+01    2.237283E+01
   5.700000E+01    1.550647E+01    2.059690E+01
   4.900000E+01    1.409064E+01    1.888216E+01
   4.000000E+01    1.239016E+01    1.676398E+01
   3.300000E+01    1.097592E+01    1.494505E+01
   2.750000E+01    9.795876E+00    1.338482E+01
   2.250000E+01    8.655850E+00    1.184155E+01
   1.880000E+01    7.758292E+00    1.060309E+01
   1.620000E+01    7.092065E+00    9.670804E+00
   1.370000E+01    6.416751E+00    8.713682E+00
   1.120000E+01    5.699252E+00    7.680993E+00
   9.400000E+00    5.150544E+00    6.877604E+00
   8.100000E+00    4.734053E+00    6.258266E+00
   6.900000E+00    4.331690E+00    5.651196E+00
   5.600000E+00    3.872071E+00    4.947113E+00
   4.700000E+00    3.535446E+00    4.425412E+00
   4.100000E+00    3.300084E+00    4.058968E+00
   3.400000E+00    3.010807E+00    3.609110E+00
   2.810000E+00    2.750214E+00    3.207590E+00
   2.340000E+00    2.526972E+00    2.869707E+00
   2.030000E+00    2.369140E+00    2.636083E+00
   1.720000E+00    2.199782E+00    2.391872E+00
   1.410000E+00    2.014614E+00    2.134250E+00
   1.170000E+00    1.856130E+00    1.922663E+00
   1.020000E+00    1.748003E+00    1.783383E+00
   8.600000E-01    1.622506E+00    1.627210E+00
   7.000000E-01    1.482915E+00    1.461122E+00
   5.900000E-01    1.375436E+00    1.339547E+00
   5.100000E-01    1.288891E+00    1.246142E+00
   4.300000E-01    1.192499E+00    1.146936E+00
   3.500000E-01    1.082362E+00    1.038931E+00
   2.930000E-01    9.924992E-01    9.533194E-01
   2.540000E-01    9.241480E-01    8.882916E-01
   2.150000E-01    8.493733E-01    8.157106E-01
   1.760000E-01    7.677053E-01    7.327076E-01
   1.460000E-01    7.002056E-01    6.594317E-01
   1.270000E-01    6.554908E-01    6.077672E-01
   1.070000E-01    6.069264E-01    5.482519E-01
   8.800000E-02    5.594476E-01    4.862607E-01
   7.300000E-02    5.209404E-01    4.332435E-01
   6.300001E-02    4.945646E-01    3.958020E-01
   5.400000E-02    4.700595E-01    3.606261E-01
   4.400000E-02    4.414085E-01    3.198152E-01
   3.700000E-02    4.198940E-01    2.900447E-01
   3.200000E-02    4.034099E-01    2.680702E-01
   2.690000E-02    3.852569E-01    2.449531E-01
   2.200000E-02    3.660554E-01    2.220416E-01
   1.830000E-02    3.499077E-01    2.043847E-01
   1.590000E-02    3.383067E-01    1.928995E-01
   1.340000E-02    3.247818E-01    1.810968E-01
   1.100000E-02    3.095941E-01    1.701704E-01
   9.199999E-03    2.958557E-01    1.624149E-01
   7.900001E-03    2.839293E-01    1.570980E-01
   6.700001E-03    2.706633E-01    1.523508E-01
   5.500000E-03    2.541867E-01    1.475412E-01
   4.600001E-03    2.387636E-01    1.435502E-01
   4.000001E-03    2.264641E-01    1.404209E-01
   3.400000E-03    2.120542E-01    1.365796E-01
   2.750000E-03    1.933791E-01    1.310295E-01
   2.290000E-03    1.777008E-01    1.256730E-01
   1.980000E-03    1.657027E-01    1.210564E-01
   1.680000E-03    1.527716E-01    1.155197E-01
   1.370000E-03    1.377708E-01    1.083061E-01
   1.140000E-03    1.253278E-01    1.016362E-01
