   3.200001E+02    3.802520E+01    5.084019E+01
   2.650000E+02    3.571921E+01    4.820686E+01
   2.290000E+02    3.323556E+01    4.390209E+01
   1.940000E+02    3.029621E+01    4.001003E+01
   1.590000E+02    2.719443E+01    3.620412E+01
   1.320000E+02    2.535920E+01    3.293025E+01
   1.150000E+02    2.468132E+01    3.104436E+01
   9.699999E+01    2.254879E+01    2.824762E+01
   7.900001E+01    1.988510E+01    2.539292E+01
   6.600000E+01    1.685124E+01    2.265481E+01
   5.700000E+01    1.532210E+01    2.077599E+01
   4.900000E+01    1.333497E+01    1.771015E+01
   4.000000E+01    1.210329E+01    1.649916E+01
   3.300000E+01    1.089164E+01    1.482185E+01
   2.750000E+01    9.781134E+00    1.320585E+01
   2.250000E+01    8.567311E+00    1.151130E+01
   1.880000E+01    7.908880E+00    1.080822E+01
   1.620000E+01    7.043651E+00    9.629936E+00
   1.370000E+01    6.528624E+00    9.051243E+00
   1.120000E+01    5.624056E+00    7.894225E+00
   9.400000E+00    4.999612E+00    6.965254E+00
   8.100000E+00    4.755295E+00    6.363841E+00
   6.900000E+00    4.478643E+00    5.882600E+00
   5.600000E+00    3.989867E+00    5.023910E+00
   4.700000E+00    3.604428E+00    4.448084E+00
   4.100000E+00    3.316522E+00    4.078509E+00
   3.400000E+00    3.032646E+00    3.688691E+00
   2.810000E+00    2.751496E+00    3.225093E+00
   2.340000E+00    2.516035E+00    2.886116E+00
   2.030000E+00    2.350035E+00    2.625834E+00
   1.720000E+00    2.163900E+00    2.379610E+00
   1.410000E+00    1.962411E+00    2.103268E+00
   1.170000E+00    1.824493E+00    1.915753E+00
   1.020000E+00    1.729224E+00    1.753922E+00
   8.600000E-01    1.622892E+00    1.602885E+00
   7.000000E-01    1.477147E+00    1.428959E+00
   5.900000E-01    1.424546E+00    1.329238E+00
   5.100000E-01    1.301091E+00    1.256901E+00
   4.300000E-01    1.238560E+00    1.109192E+00
   3.500000E-01    1.076376E+00    1.095524E+00
   2.930000E-01    9.870016E-01    1.005476E+00
   2.540000E-01    9.351048E-01    9.122196E-01
   2.150000E-01    8.547511E-01    8.428627E-01
   1.760000E-01    8.122378E-01    7.253865E-01
   1.460000E-01    6.871028E-01    7.011852E-01
   1.270000E-01    6.722566E-01    6.057560E-01
   1.070000E-01    6.071549E-01    5.846985E-01
   8.800000E-02    5.260846E-01    5.112906E-01
   7.300000E-02    4.678376E-01    5.105448E-01
   6.300001E-02    4.933815E-01    4.029930E-01
   5.400000E-02    4.744473E-01    3.627119E-01
   4.400000E-02    4.395099E-01    3.200570E-01
   3.700000E-02    4.168359E-01    2.912502E-01
   3.200000E-02    4.085109E-01    2.711602E-01
   2.690000E-02    3.914101E-01    2.469208E-01
   2.200000E-02    3.670894E-01    2.239419E-01
   1.830000E-02    3.421064E-01    2.006239E-01
   1.590000E-02    3.438787E-01    1.893071E-01
   1.340000E-02    3.355191E-01    1.847050E-01
   1.100000E-02    3.186392E-01    1.720590E-01
   9.199999E-03    3.029665E-01    1.531114E-01
   7.900001E-03    2.871766E-01    1.500012E-01
   6.700001E-03    2.762762E-01    1.513593E-01
   5.500000E-03    2.632384E-01    1.458078E-01
   4.600001E-03    2.443539E-01    1.358031E-01
   4.000001E-03    2.370901E-01    1.332311E-01
   3.400000E-03    2.166906E-01    1.338344E-01
   2.750000E-03    1.996713E-01    1.340823E-01
   2.290000E-03    1.890414E-01    1.222453E-01
   1.980000E-03    1.682817E-01    1.115919E-01
   1.680000E-03    1.641222E-01    1.011840E-01
   1.370000E-03    1.491746E-01    9.178799E-02
   1.140000E-03    1.339514E-01    9.591701E-02
