0.004699
0.014097
0.023495
0.032893
0.042291
0.051689
0.061087
0.070485
0.079882
0.089280
0.098678
0.108076
0.117474
0.126872
0.136270
0.145668
0.155066
0.164464
0.173862
0.183260
0.192658
0.202056
0.211454
0.220852
0.230250
0.239647
0.249045
0.258443
0.267841
0.277239
0.286637
0.296035
0.305433
0.314831
0.324229
0.333627
0.343025
0.352423
0.361821
0.371219
0.380617
0.390015
0.399412
0.408810
0.418208
0.427606
0.437004
0.446402
0.455800
0.465198
0.474596
0.483994
0.493392
0.502790
0.512188
0.521586
0.530984
0.540382
0.549779
0.559177
0.568575
0.577973
0.587371
0.596769
0.606167
0.615565
0.624963
0.634361
0.643759
0.653157
0.662555
0.671953
0.681351
0.690749
0.700147
0.709544
0.718942
0.728340
0.737738
0.747136
0.756534
0.765932
0.775330
0.784728
0.794126
0.803524
0.812922
0.822320
0.831718
0.841116
0.850514
0.859912
0.869309
0.878707
0.888105
0.897503
0.906901
0.916299
0.925697
0.935095
0.944493
0.953891
0.963289
0.972687
0.982085
0.991483
1.000881
1.010279
1.019676
1.029074
1.038472
1.047870
1.057268
1.066666
1.076064
1.085462
1.094860
1.104258
1.113656
1.123054
1.132452
1.141850
1.151248
1.160646
1.170044
1.179441
1.188839
1.198237
1.207635
1.217033
1.226431
1.235829
1.245227
1.254625
1.264023
1.273421
1.282819
1.292217
1.301615
1.311013
1.320411
1.329809
1.339206
1.348604
1.358002
1.367400
1.376798
1.386196
1.395594
1.404992
1.414390
1.423788
1.433186
1.442584
1.451982
1.461380
1.470778
1.480176
1.489573
1.498971
1.508369
1.517767
1.527165
1.536563
1.545961
1.555359
1.564757
1.574155
1.583553
1.592951
1.602349
1.611747
1.621145
1.630543
1.639941
1.649338
1.658736
1.668134
1.677532
1.686930
1.696328
1.705726
1.715124
1.724522
1.733920
1.743318
1.752716
1.762114
1.771512
1.780910
1.790308
1.799706
1.809103
1.818501
1.827899
1.837297
1.846695
1.856093
1.865491
1.874889
1.884287
1.893685
1.903083
1.912481
1.921879
1.931277
1.940675
1.950073
1.959470
1.968868
1.978266
1.987664
1.997062
2.006460
2.015858
2.025256
2.034654
2.044052
2.053450
2.062848
2.072246
2.081644
2.091042
2.100440
2.109838
2.119235
2.128633
2.138031
2.147429
2.156827
2.166225
2.175623
2.185021
2.194419
2.203817
2.213215
2.222613
2.232011
2.241409
2.250807
2.260205
2.269603
2.279000
2.288398
2.297796
2.307194
2.316592
2.325990
2.335388
2.344786
2.354184
2.363582
2.372980
2.382378
2.391776
2.401174
2.410572
2.419970
2.429367
2.438765
2.448163
2.457561
2.466959
2.476357
2.485755
2.495153
2.504551
2.513949
2.523347
2.532745
2.542143
2.551541
2.560939
2.570337
2.579735
2.589132
2.598530
2.607928
2.617326
2.626724
2.636122
2.645520
2.654918
2.664316
2.673714
2.683112
2.692510
2.701908
2.711306
2.720704
2.730102
2.739500
2.748897
2.758295
2.767693
2.777091
2.786489
2.795887
2.805285
2.814683
2.824081
2.833479
2.842877
2.852275
2.861673
2.871071
2.880469
2.889867
2.899264
2.908662
2.918060
2.927458
2.936856
2.946254
2.955652
2.965050
2.974448
2.983846
2.993244
3.002642
3.012040
3.021438
3.030836
3.040234
3.049632
3.059029
3.068427
3.077825
3.087223
3.096621
3.106019
3.115417
3.124815
3.134213
3.143611
3.153009
3.162407
3.171805
3.181203
3.190601
3.199999
3.209397
3.218794
3.228192
3.237590
3.246988
3.256386
3.265784
3.275182
3.284580
3.293978
3.303376
3.312774
3.322172
3.331570
3.340968
3.350366
3.359764
3.369161
3.378559
3.387957
3.397355
3.406753
3.416151
3.425549
3.434947
3.444345
3.453743
3.463141
3.472539
3.481937
3.491335
3.500733
3.510131
3.519529
3.528926
3.538324
3.547722
3.557120
3.566518
3.575916
3.585314
3.594712
3.604110
3.613508
3.622906
3.632304
3.641702
3.651100
3.660498
3.669896
3.679294
3.688691
3.698089
3.707487
3.716885
3.726283
3.735681
3.745079
3.754477
3.763875
3.773273
3.782671
3.792069
3.801467
3.810865
3.820263
3.829661
3.839058
3.848456
3.857854
3.867252
3.876650
3.886048
3.895446
3.904844
3.914242
3.923640
3.933038
3.942436
3.951834
3.961232
3.970630
3.980028
3.989426
3.998823
4.008221
4.017619
4.027017
4.036415
4.045813
4.055211
4.064609
4.074007
4.083405
4.092803
4.102201
4.111599
4.120997
4.130395
4.139793
4.149191
4.158588
4.167986
4.177384
4.186782
4.196180
4.205578
4.214976
4.224374
4.233772
4.243170
4.252568
4.261966
4.271364
4.280762
4.290160
4.299558
4.308955
4.318353
4.327751
4.337149
4.346547
4.355945
4.365343
4.374741
4.384139
4.393537
4.402935
4.412333
4.421731
4.431129
4.440527
4.449925
4.459323
4.468720
4.478118
4.487516
4.496914
4.506312
4.515710
4.525108
4.534506
4.543904
4.553302
4.562700
4.572098
4.581496
4.590894
4.600292
4.609690
4.619088
4.628485
4.637883
4.647281
4.656679
4.666077
4.675475
4.684873
4.694271
