0.004699 3427
0.014097 4925
0.023495 4437
0.032893 4667
0.042291 4756
0.051689 5114
0.061087 4737
0.070485 3912
0.079882 4570
0.089280 3666
0.098678 5060
0.108076 5706
0.117474 3117
0.126872 3746
0.136270 4491
0.145668 3635
0.155066 3553
0.164464 5879
0.173862 3403
0.183260 3860
0.192658 2993
0.202056 4499
0.211454 3803
0.220852 3682
0.230250 4496
0.239647 4182
0.249045 3729
0.258443 3982
0.267841 4959
0.277239 3811
0.286637 4364
0.296035 3197
0.305433 2904
0.314831 4053
0.324229 5632
0.333627 4274
0.343025 3991
0.352423 3553
0.361821 4573
0.371219 4534
0.380617 4595
0.390015 3254
0.399412 4230
0.408810 3375
0.418208 4801
0.427606 3583
0.437004 4735
0.446402 4826
0.455800 3771
0.465198 4534
0.474596 4348
0.483994 4083
0.493392 3472
0.502790 3983
0.512188 4763
0.521586 4885
0.530984 5284
0.540382 3676
0.549779 4300
0.559177 5172
0.568575 4594
0.577973 3925
0.587371 4839
0.596769 3709
0.606167 4887
0.615565 4970
0.624963 4277
0.634361 3686
0.643759 5355
0.653157 4633
0.662555 4684
0.671953 4530
0.681351 5353
0.690749 4753
0.700147 5897
0.709544 3628
0.718942 4777
0.728340 3763
0.737738 3595
0.747136 5616
0.756534 4790
0.765932 5699
0.775330 5010
0.784728 5638
0.794126 8544
0.803524 9864
0.812922 10831
0.822320 8733
0.831718 8186
0.841116 6606
0.850514 10428
0.859912 11957
0.869309 11782
0.878707 13657
0.888105 16890
0.897503 11583
0.906901 14409
0.916299 17642
0.925697 17074
0.935095 14546
0.944493 9878
0.953891 12723
0.963289 12237
0.972687 5386
0.982085 13773
0.991483 9932
1.000881 9297
1.010279 7304
1.019676 8845
1.029074 6039
1.038472 8330
1.047870 5711
1.057268 3897
1.066666 1739
1.076064 615
1.085462 2011
1.094860 1899
1.104258 2474
1.113656 1563
1.123054 6265
1.132452 1787
1.141850 1538
1.151248 1491
1.160646 1586
1.170044 1193
1.179441 934
1.188839 1150
1.198237 521
1.207635 315
1.217033 52
1.226431 792
1.235829 1066
1.245227 39
1.254625 875
1.264023 156
1.273421 38
1.282819 143
1.292217 191
1.301615 141
1.311013 302
1.320411 177
1.329809 120
1.339206 32
1.348604 57
1.358002 13
1.367400 59
1.376798 50
1.386196 101
1.395594 49
1.404992 121
1.414390 231
1.423788 775
1.433186 47
1.442584 10
1.451982 50
1.461380 245
1.470778 275
1.480176 159
1.489573 294
1.498971 123
1.508369 121
1.517767 224
1.527165 246
1.536563 74
1.545961 224
1.555359 220
1.564757 259
1.574155 75
1.583553 587
1.592951 152
1.602349 364
1.611747 79
1.621145 301
1.630543 886
1.639941 600
1.649338 1328
1.658736 837
1.668134 1944
1.677532 1296
1.686930 5269
1.696328 1743
1.705726 2529
1.715124 2892
1.724522 997
1.733920 794
1.743318 1511
1.752716 2992
1.762114 721
1.771512 9406
1.780910 3910
1.790308 5169
1.799706 3476
1.809103 3753
1.818501 2470
1.827899 2806
1.837297 8679
1.846695 4979
1.856093 13723
1.865491 11772
1.874889 18759
1.884287 22228
1.893685 21847
1.903083 19205
1.912481 17590
1.921879 22600
1.931277 18759
1.940675 15756
1.950073 13629
1.959470 10460
1.968868 7516
1.978266 9289
1.987664 8096
1.997062 7012
2.006460 2914
2.015858 1740
2.025256 4292
2.034654 1634
2.044052 37
2.053450 1342
2.062848 478
2.072246 606
2.081644 1094
2.091042 362
2.100440 1119
2.109838 341
2.119235 140
2.128633 146
2.138031 625
2.147429 440
2.156827 707
2.166225 981
2.175623 1578
2.185021 961
2.194419 345
2.203817 1075
2.213215 525
2.222613 998
2.232011 228
2.241409 664
2.250807 2242
2.260205 1386
2.269603 1306
2.279000 1332
2.288398 1335
2.297796 1213
2.307194 906
2.316592 993
2.325990 2940
2.335388 683
2.344786 1674
2.354184 1715
2.363582 205
2.372980 752
2.382378 1485
2.391776 2293
2.401174 1812
2.410572 3519
2.419970 2914
2.429367 3504
2.438765 2721
2.448163 3358
2.457561 4039
2.466959 3479
2.476357 5101
2.485755 5723
2.495153 6119
2.504551 4567
2.513949 5728
2.523347 5213
2.532745 7388
2.542143 9964
2.551541 8232
2.560939 6421
2.570337 6037
2.579735 6547
2.589132 7911
2.598530 6884
2.607928 7019
2.617326 5268
2.626724 8308
2.636122 6658
2.645520 6532
2.654918 5821
2.664316 10294
2.673714 5475
2.683112 6129
2.692510 7193
2.701908 8467
2.711306 7330
2.720704 9493
2.730102 12096
2.739500 6184
2.748897 8308
2.758295 7388
2.767693 7934
2.777091 7051
2.786489 6720
2.795887 8034
2.805285 6510
2.814683 6016
2.824081 7926
2.833479 8003
2.842877 6361
2.852275 4508
2.861673 3659
2.871071 6453
2.880469 5763
2.889867 3517
2.899264 5906
2.908662 7171
2.918060 4647
2.927458 7786
2.936856 5105
2.946254 2787
2.955652 5713
2.965050 4118
2.974448 4640
2.983846 2289
2.993244 5156
3.002642 4830
3.012040 2946
3.021438 2472
3.030836 4212
3.040234 1588
3.049632 2963
3.059029 4197
3.068427 1666
3.077825 624
3.087223 2088
3.096621 1014
3.106019 641
3.115417 5002
3.124815 1622
3.134213 2207
3.143611 1427
3.153009 2890
3.162407 2431
3.171805 1945
3.181203 2778
3.190601 5957
3.199999 5751
3.209397 2877
3.218794 1473
3.228192 5344
3.237590 3281
3.246988 3040
3.256386 5440
3.265784 4898
3.275182 3939
3.284580 4448
3.293978 4595
3.303376 4311
3.312774 4180
3.322172 5437
3.331570 4523
3.340968 4602
3.350366 6628
3.359764 8115
3.369161 7688
3.378559 7878
3.387957 6320
3.397355 7024
3.406753 7843
3.416151 10715
3.425549 9061
3.434947 8758
3.444345 10873
3.453743 14300
3.463141 9792
3.472539 15708
3.481937 9294
3.491335 10400
3.500733 11037
3.510131 11326
3.519529 10661
3.528926 10709
3.538324 12471
3.547722 11000
3.557120 8824
3.566518 9864
3.575916 6179
3.585314 7632
3.594712 10759
3.604110 6558
3.613508 5847
3.622906 8024
3.632304 8469
3.641702 7410
3.651100 3550
3.660498 4872
3.669896 4374
3.679294 4355
3.688691 5298
3.698089 3815
3.707487 5504
3.716885 5744
3.726283 3748
3.735681 5007
3.745079 5223
3.754477 4641
3.763875 4441
3.773273 4790
3.782671 4097
3.792069 4110
3.801467 4751
3.810865 4855
3.820263 4180
3.829661 4014
3.839058 4019
3.848456 4623
3.857854 3394
3.867252 4501
3.876650 4568
3.886048 3028
3.895446 4294
3.904844 4012
3.914242 3688
3.923640 4096
3.933038 4189
3.942436 3904
3.951834 3307
3.961232 4873
3.970630 4041
3.980028 5523
3.989426 4640
3.998823 3836
4.008221 6177
4.017619 5968
4.027017 4085
4.036415 5075
4.045813 6161
4.055211 7222
4.064609 5147
4.074007 5078
4.083405 5433
4.092803 5905
4.102201 5152
4.111599 5877
4.120997 5927
4.130395 4260
4.139793 5549
4.149191 6554
4.158588 4376
4.167986 5014
4.177384 5654
4.186782 4209
4.196180 5843
4.205578 5816
4.214976 6143
4.224374 5676
4.233772 6981
4.243170 4565
4.252568 5701
4.261966 5968
4.271364 5318
4.280762 5779
4.290160 4994
4.299558 4598
4.308955 4560
4.318353 6064
4.327751 6102
4.337149 6623
4.346547 6547
4.355945 4683
4.365343 6217
4.374741 8310
4.384139 5511
4.393537 5775
4.402935 5845
4.412333 6001
4.421731 5873
4.431129 5575
4.440527 4778
4.449925 6353
4.459323 5783
4.468720 5993
4.478118 4375
4.487516 5941
4.496914 6193
4.506312 5243
4.515710 6392
4.525108 6394
4.534506 4436
4.543904 5477
4.553302 5917
4.562700 5377
4.572098 5681
4.581496 6432
4.590894 4894
4.600292 5417
4.609690 5427
4.619088 5371
4.628485 7314
4.637883 4950
4.647281 6807
4.656679 4174
4.666077 5868
4.675475 4303
4.684873 4856
4.694271 4350
