   3.200001E+02    1.903888E+00    2.543976E+00
   2.650000E+02    1.788758E+00    2.412417E+00
   2.290000E+02    1.664784E+00    2.197381E+00
   1.940000E+02    1.518108E+00    2.002999E+00
   1.590000E+02    1.363394E+00    1.812966E+00
   1.320000E+02    1.271897E+00    1.649547E+00
   1.150000E+02    1.238111E+00    1.555436E+00
   9.699999E+01    1.131866E+00    1.415917E+00
   7.900001E+01    9.992711E-01    1.273578E+00
   6.600000E+01    8.484758E-01    1.137146E+00
   5.700000E+01    7.726042E-01    1.043602E+00
   4.900000E+01    6.742058E-01    8.911359E-01
   4.000000E+01    6.133709E-01    8.309967E-01
   3.300000E+01    5.536873E-01    7.478088E-01
   2.750000E+01    4.991758E-01    6.678221E-01
   2.250000E+01    4.398830E-01    5.841875E-01
   1.880000E+01    4.078921E-01    5.495852E-01
   1.620000E+01    3.661046E-01    4.917715E-01
   1.370000E+01    3.414049E-01    4.634787E-01
   1.120000E+01    2.984544E-01    4.071818E-01
   9.400000E+00    2.692402E-01    3.623353E-01
   8.100000E+00    2.579381E-01    3.335359E-01
   6.900000E+00    2.452460E-01    3.106646E-01
   5.600000E+00    2.231538E-01    2.703686E-01
   4.700000E+00    2.061062E-01    2.438517E-01
   4.100000E+00    1.936448E-01    2.271246E-01
   3.400000E+00    1.816380E-01    2.098001E-01
   2.810000E+00    1.700789E-01    1.897447E-01
   2.340000E+00    1.607050E-01    1.755681E-01
   2.030000E+00    1.542941E-01    1.650379E-01
   1.720000E+00    1.473301E-01    1.554232E-01
   1.410000E+00    1.400987E-01    1.451184E-01
   1.170000E+00    1.353586E-01    1.384748E-01
   1.020000E+00    1.321951E-01    1.330060E-01
   8.600000E-01    1.287806E-01    1.281527E-01
   7.000000E-01    1.243178E-01    1.229016E-01
   5.900000E-01    1.227735E-01    1.200716E-01
   5.100000E-01    1.192983E-01    1.181080E-01
   4.300000E-01    1.176226E-01    1.143493E-01
   3.500000E-01    1.135626E-01    1.140194E-01
   2.930000E-01    1.115143E-01    1.119261E-01
   2.540000E-01    1.103905E-01    1.099107E-01
   2.150000E-01    1.087497E-01    1.085175E-01
   1.760000E-01    1.079320E-01    1.063742E-01
   1.460000E-01    1.057368E-01    1.059677E-01
   1.270000E-01    1.054980E-01    1.044861E-01
   1.070000E-01    1.045064E-01    1.041858E-01
   8.800000E-02    1.034017E-01    1.032160E-01
   7.300000E-02    1.026995E-01    1.032068E-01
   6.300001E-02    1.029979E-01    1.020098E-01
   5.400000E-02    1.027752E-01    1.016312E-01
   4.400000E-02    1.023861E-01    1.012724E-01
   3.700000E-02    1.021488E-01    1.010548E-01
   3.200000E-02    1.020647E-01    1.009149E-01
   2.690000E-02    1.018970E-01    1.007592E-01
   2.200000E-02    1.016705E-01    1.006249E-01
   1.830000E-02    1.014524E-01    1.005019E-01
   1.590000E-02    1.014674E-01    1.004470E-01
   1.340000E-02    1.013974E-01    1.004255E-01
   1.100000E-02    1.012612E-01    1.003694E-01
   9.199999E-03    1.011409E-01    1.002926E-01
   7.900001E-03    1.010256E-01    1.002809E-01
   6.700001E-03    1.009496E-01    1.002860E-01
   5.500000E-03    1.008625E-01    1.002654E-01
   4.600001E-03    1.007436E-01    1.002303E-01
   4.000001E-03    1.007002E-01    1.002216E-01
   3.400000E-03    1.005852E-01    1.002236E-01
   2.750000E-03    1.004971E-01    1.002245E-01
   2.290000E-03    1.004457E-01    1.001866E-01
   1.980000E-03    1.003534E-01    1.001555E-01
   1.680000E-03    1.003361E-01    1.001279E-01
   1.370000E-03    1.002778E-01    1.001053E-01
   1.140000E-03    1.002240E-01    1.001149E-01
