0.004699 2.362500
0.014097 2.350000
0.023495 2.350000
0.032893 2.350000
0.042291 2.350000
0.051689 2.337500
0.061087 2.350000
0.070485 2.337500
0.079882 2.337500
0.089280 2.350000
0.098678 2.350000
0.108076 2.350000
0.117474 2.337500
0.126872 2.337500
0.136270 2.350000
0.145668 2.350000
0.155066 2.337500
0.164464 2.350000
0.173862 2.337500
0.183260 2.337500
0.192658 2.337500
0.202056 2.337500
0.211454 2.350000
0.220852 2.350000
0.230250 2.350000
0.239647 2.350000
0.249045 2.350000
0.258443 2.362500
0.267841 2.362500
0.277239 2.362500
0.286637 2.362500
0.296035 2.362500
0.305433 2.362500
0.314831 2.362500
0.324229 2.362500
0.333627 2.362500
0.343025 2.362500
0.352423 2.375000
0.361821 2.362500
0.371219 2.362500
0.380617 2.362500
0.390015 2.362500
0.399412 2.362500
0.408810 2.362500
0.418208 2.362500
0.427606 2.362500
0.437004 2.362500
0.446402 2.350000
0.455800 2.362500
0.465198 2.350000
0.474596 2.350000
0.483994 2.350000
0.493392 2.350000
0.502790 2.337500
0.512188 2.337500
0.521586 2.337500
0.530984 2.337500
0.540382 2.337500
0.549779 2.337500
0.559177 2.337500
0.568575 2.337500
0.577973 2.337500
0.587371 2.337500
0.596769 2.337500
0.606167 2.325000
0.615565 2.325000
0.624963 2.325000
0.634361 2.325000
0.643759 2.312500
0.653157 2.312500
0.662555 2.300000
0.671953 2.300000
0.681351 2.300000
0.690749 2.300000
0.700147 2.287500
0.709544 2.287500
0.718942 2.287500
0.728340 2.287500
0.737738 2.275000
0.747136 2.262500
0.756534 2.250000
0.765932 2.225000
0.775330 2.212500
0.784728 2.187500
0.794126 2.162500
0.803524 2.137500
0.812922 2.100000
0.822320 2.050000
0.831718 1.987500
0.841116 1.912500
0.850514 1.812500
0.859912 1.725000
0.869309 1.612500
0.878707 1.487500
0.888105 1.362500
0.897503 1.225000
0.906901 1.100000
0.916299 0.962500
0.925697 0.837500
0.935095 0.662500
0.944493 0.500000
0.953891 0.387500
0.963289 0.325000
0.972687 0.312500
0.982085 0.312500
0.991483 0.300000
1.000881 0.300000
1.010279 0.300000
1.019676 0.300000
1.029074 0.300000
1.038472 0.287500
1.047870 0.287500
1.057268 0.287500
1.066666 0.287500
1.076064 0.287500
1.085462 0.287500
1.094860 0.287500
1.104258 0.287500
1.113656 0.275000
1.123054 0.275000
1.132452 0.275000
1.141850 0.275000
1.151248 0.275000
1.160646 0.275000
1.170044 0.275000
1.179441 0.275000
1.188839 0.275000
1.198237 0.262500
1.207635 0.262500
1.217033 0.262500
1.226431 0.262500
1.235829 0.262500
1.245227 0.262500
1.254625 0.262500
1.264023 0.262500
1.273421 0.262500
1.282819 0.262500
1.292217 0.262500
1.301615 0.262500
1.311013 0.262500
1.320411 0.262500
1.329809 0.262500
1.339206 0.262500
1.348604 0.262500
1.358002 0.262500
1.367400 0.262500
1.376798 0.262500
1.386196 0.262500
1.395594 0.262500
1.404992 0.262500
1.414390 0.262500
1.423788 0.262500
1.433186 0.275000
1.442584 0.275000
1.451982 0.275000
1.461380 0.275000
1.470778 0.275000
1.480176 0.275000
1.489573 0.275000
1.498971 0.275000
1.508369 0.275000
1.517767 0.275000
1.527165 0.275000
1.536563 0.275000
1.545961 0.275000
1.555359 0.275000
1.564757 0.275000
1.574155 0.287500
1.583553 0.287500
1.592951 0.287500
1.602349 0.287500
1.611747 0.287500
1.621145 0.287500
1.630543 0.287500
1.639941 0.287500
1.649338 0.287500
1.658736 0.287500
1.668134 0.287500
1.677532 0.287500
1.686930 0.287500
1.696328 0.287500
1.705726 0.287500
1.715124 0.287500
1.724522 0.287500
1.733920 0.287500
1.743318 0.287500
1.752716 0.287500
1.762114 0.287500
1.771512 0.287500
1.780910 0.287500
1.790308 0.287500
1.799706 0.275000
1.809103 0.275000
1.818501 0.275000
1.827899 0.275000
1.837297 0.275000
1.846695 0.262500
1.856093 0.262500
1.865491 0.262500
1.874889 0.250000
1.884287 0.237500
1.893685 0.062500
1.903083 0.025000
1.912481 0.025000
1.921879 0.012500
1.931277 0.012500
1.940675 0.000000
1.950073 0.000000
1.959470 0.000000
1.968868 0.000000
1.978266 0.000000
1.987664 0.000000
1.997062 -0.012500
2.006460 -0.012500
2.015858 -0.012500
2.025256 -0.012500
2.034654 -0.012500
2.044052 -0.012500
2.053450 -0.012500
2.062848 -0.012500
2.072246 0.000000
2.081644 0.000000
2.091042 0.000000
2.100440 0.000000
2.109838 0.000000
2.119235 0.000000
2.128633 0.000000
2.138031 0.000000
2.147429 0.000000
2.156827 0.000000
2.166225 0.000000
2.175623 0.000000
2.185021 0.000000
2.194419 0.000000
2.203817 0.000000
2.213215 0.000000
2.222613 0.000000
2.232011 0.000000
2.241409 0.000000
2.250807 0.000000
2.260205 -0.012500
2.269603 -0.012500
2.279000 -0.012500
2.288398 -0.012500
2.297796 -0.012500
2.307194 -0.012500
2.316592 -0.012500
2.325990 -0.012500
2.335388 -0.012500
2.344786 -0.012500
2.354184 0.000000
2.363582 0.000000
2.372980 0.000000
2.382378 0.000000
2.391776 0.000000
2.401174 0.000000
2.410572 0.000000
2.419970 0.000000
2.429367 0.000000
2.438765 0.000000
2.448163 0.000000
2.457561 0.000000
2.466959 0.000000
2.476357 0.000000
2.485755 0.000000
2.495153 0.000000
2.504551 0.012500
2.513949 0.012500
2.523347 0.012500
2.532745 0.012500
2.542143 0.025000
2.551541 0.025000
2.560939 0.025000
2.570337 0.037500
2.579735 0.050000
2.589132 0.100000
2.598530 0.125000
2.607928 0.137500
2.617326 0.150000
2.626724 0.150000
2.636122 0.162500
2.645520 0.162500
2.654918 0.175000
2.664316 0.175000
2.673714 0.175000
2.683112 0.187500
2.692510 0.187500
2.701908 0.187500
2.711306 0.187500
2.720704 0.187500
2.730102 0.200000
2.739500 0.200000
2.748897 0.200000
2.758295 0.200000
2.767693 0.200000
2.777091 0.200000
2.786489 0.200000
2.795887 0.200000
2.805285 0.200000
2.814683 0.200000
2.824081 0.200000
2.833479 0.200000
2.842877 0.200000
2.852275 0.200000
2.861673 0.200000
2.871071 0.200000
2.880469 0.200000
2.889867 0.200000
2.899264 0.200000
2.908662 0.200000
2.918060 0.200000
2.927458 0.200000
2.936856 0.200000
2.946254 0.200000
2.955652 0.200000
2.965050 0.200000
2.974448 0.200000
2.983846 0.200000
2.993244 0.200000
3.002642 0.200000
3.012040 0.200000
3.021438 0.200000
3.030836 0.187500
3.040234 0.187500
3.049632 0.187500
3.059029 0.187500
3.068427 0.187500
3.077825 0.187500
3.087223 0.187500
3.096621 0.187500
3.106019 0.187500
3.115417 0.187500
3.124815 0.187500
3.134213 0.187500
3.143611 0.187500
3.153009 0.187500
3.162407 0.187500
3.171805 0.187500
3.181203 0.187500
3.190601 0.187500
3.199999 0.187500
3.209397 0.187500
3.218794 0.187500
3.228192 0.187500
3.237590 0.187500
3.246988 0.187500
3.256386 0.187500
3.265784 0.187500
3.275182 0.187500
3.284580 0.187500
3.293978 0.187500
3.303376 0.187500
3.312774 0.200000
3.322172 0.200000
3.331570 0.200000
3.340968 0.200000
3.350366 0.200000
3.359764 0.200000
3.369161 0.200000
3.378559 0.212500
3.387957 0.212500
3.397355 0.212500
3.406753 0.212500
3.416151 0.225000
3.425549 0.225000
3.434947 0.225000
3.444345 0.237500
3.453743 0.250000
3.463141 0.262500
3.472539 0.275000
3.481937 0.312500
3.491335 0.450000
3.500733 0.587500
3.510131 0.700000
3.519529 0.775000
3.528926 0.837500
3.538324 0.900000
3.547722 0.950000
3.557120 0.987500
3.566518 1.037500
3.575916 1.075000
3.585314 1.112500
3.594712 1.162500
3.604110 1.200000
3.613508 1.237500
3.622906 1.262500
3.632304 1.287500
3.641702 1.312500
3.651100 1.337500
3.660498 1.350000
3.669896 1.375000
3.679294 1.387500
3.688691 1.400000
3.698089 1.400000
3.707487 1.400000
3.716885 1.412500
3.726283 1.412500
3.735681 1.412500
3.745079 1.412500
3.754477 1.400000
3.763875 1.400000
3.773273 1.387500
3.782671 1.375000
3.792069 1.375000
3.801467 1.375000
3.810865 1.362500
3.820263 1.350000
3.829661 1.350000
3.839058 1.350000
3.848456 1.337500
3.857854 1.325000
3.867252 1.325000
3.876650 1.325000
3.886048 1.312500
3.895446 1.300000
3.904844 1.300000
3.914242 1.287500
3.923640 1.287500
3.933038 1.275000
3.942436 1.262500
3.951834 1.262500
3.961232 1.250000
3.970630 1.250000
3.980028 1.237500
3.989426 1.225000
3.998823 1.212500
4.008221 1.212500
4.017619 1.200000
4.027017 1.187500
4.036415 1.187500
4.045813 1.175000
4.055211 1.162500
4.064609 1.162500
4.074007 1.150000
4.083405 1.137500
4.092803 1.137500
4.102201 1.125000
4.111599 1.112500
4.120997 1.112500
4.130395 1.100000
4.139793 1.100000
4.149191 1.087500
4.158588 1.075000
4.167986 1.075000
4.177384 1.062500
4.186782 1.062500
4.196180 1.050000
4.205578 1.037500
4.214976 1.037500
4.224374 1.025000
4.233772 1.025000
4.243170 1.012500
4.252568 1.012500
4.261966 1.000000
4.271364 1.000000
4.280762 0.987500
4.290160 0.987500
4.299558 0.975000
4.308955 0.975000
4.318353 0.962500
4.327751 0.962500
4.337149 0.950000
4.346547 0.937500
4.355945 0.937500
4.365343 0.937500
4.374741 0.925000
4.384139 0.925000
4.393537 0.912500
4.402935 0.912500
4.412333 0.912500
4.421731 0.900000
4.431129 0.900000
4.440527 0.900000
4.449925 0.900000
4.459323 0.887500
4.468720 0.887500
4.478118 0.887500
4.487516 0.887500
4.496914 0.887500
4.506312 0.887500
4.515710 0.887500
4.525108 0.887500
4.534506 0.887500
4.543904 0.887500
4.553302 0.887500
4.562700 0.887500
4.572098 0.887500
4.581496 0.887500
4.590894 0.887500
4.600292 0.887500
4.609690 0.887500
4.619088 0.887500
4.628485 0.887500
4.637883 0.887500
4.647281 0.887500
4.656679 0.900000
4.666077 0.900000
4.675475 0.900000
4.684873 0.900000
4.694271 0.900000
