0.004699 0.712500
0.014097 0.712500
0.023495 0.700000
0.032893 0.700000
0.042291 0.687500
0.051689 0.687500
0.061087 0.687500
0.070485 0.675000
0.079882 0.687500
0.089280 0.687500
0.098678 0.687500
0.108076 0.675000
0.117474 0.675000
0.126872 0.662500
0.136270 0.675000
0.145668 0.675000
0.155066 0.675000
0.164464 0.687500
0.173862 0.675000
0.183260 0.675000
0.192658 0.675000
0.202056 0.675000
0.211454 0.687500
0.220852 0.687500
0.230250 0.687500
0.239647 0.712500
0.249045 0.712500
0.258443 0.712500
0.267841 0.725000
0.277239 0.725000
0.286637 0.725000
0.296035 0.725000
0.305433 0.737500
0.314831 0.737500
0.324229 0.737500
0.333627 0.737500
0.343025 0.737500
0.352423 0.750000
0.361821 0.750000
0.371219 0.750000
0.380617 0.750000
0.390015 0.750000
0.399412 0.750000
0.408810 0.750000
0.418208 0.750000
0.427606 0.737500
0.437004 0.750000
0.446402 0.737500
0.455800 0.750000
0.465198 0.750000
0.474596 0.750000
0.483994 0.750000
0.493392 0.750000
0.502790 0.750000
0.512188 0.750000
0.521586 0.737500
0.530984 0.737500
0.540382 0.737500
0.549779 0.737500
0.559177 0.737500
0.568575 0.737500
0.577973 0.725000
0.587371 0.725000
0.596769 0.725000
0.606167 0.712500
0.615565 0.712500
0.624963 0.712500
0.634361 0.700000
0.643759 0.700000
0.653157 0.687500
0.662555 0.687500
0.671953 0.675000
0.681351 0.662500
0.690749 0.662500
0.700147 0.650000
0.709544 0.650000
0.718942 0.637500
0.728340 0.625000
0.737738 0.612500
0.747136 0.587500
0.756534 0.550000
0.765932 0.525000
0.775330 0.475000
0.784728 0.437500
0.794126 0.387500
0.803524 0.337500
0.812922 0.312500
0.822320 0.312500
0.831718 0.300000
0.841116 0.300000
0.850514 0.287500
0.859912 0.287500
0.869309 0.287500
0.878707 0.275000
0.888105 0.275000
0.897503 0.275000
0.906901 0.275000
0.916299 0.262500
0.925697 0.262500
0.935095 0.262500
0.944493 0.262500
0.953891 0.250000
0.963289 0.250000
0.972687 0.250000
0.982085 0.237500
0.991483 0.237500
1.000881 0.225000
1.010279 0.212500
1.019676 0.212500
1.029074 0.200000
1.038472 0.187500
1.047870 0.162500
1.057268 0.150000
1.066666 0.150000
1.076064 0.137500
1.085462 0.137500
1.094860 0.125000
1.104258 0.112500
1.113656 0.100000
1.123054 0.087500
1.132452 0.062500
1.141850 0.050000
1.151248 0.037500
1.160646 0.000000
1.170044 -0.025000
1.179441 -0.037500
1.188839 -0.050000
1.198237 -0.050000
1.207635 -0.050000
1.217033 -0.062500
1.226431 -0.062500
1.235829 -0.062500
1.245227 -0.075000
1.254625 -0.075000
1.264023 -0.075000
1.273421 -0.075000
1.282819 -0.075000
1.292217 -0.087500
1.301615 -0.100000
1.311013 -0.112500
1.320411 -0.112500
1.329809 -0.112500
1.339206 -0.112500
1.348604 -0.112500
1.358002 -0.112500
1.367400 -0.112500
1.376798 -0.112500
1.386196 -0.112500
1.395594 -0.112500
1.404992 -0.112500
1.414390 -0.100000
1.423788 -0.062500
1.433186 -0.025000
1.442584 -0.012500
1.451982 0.012500
1.461380 0.025000
1.470778 0.037500
1.480176 0.050000
1.489573 0.075000
1.498971 0.100000
1.508369 0.125000
1.517767 0.137500
1.527165 0.125000
1.536563 0.137500
1.545961 0.112500
1.555359 0.137500
1.564757 0.150000
1.574155 0.162500
1.583553 0.175000
1.592951 0.187500
1.602349 0.200000
1.611747 0.187500
1.621145 0.187500
1.630543 0.200000
1.639941 0.200000
1.649338 0.212500
1.658736 0.212500
1.668134 0.212500
1.677532 0.225000
1.686930 0.225000
1.696328 0.225000
1.705726 0.225000
1.715124 0.225000
1.724522 0.225000
1.733920 0.225000
1.743318 0.212500
1.752716 0.162500
1.762114 0.037500
1.771512 0.025000
1.780910 0.012500
1.790308 0.012500
1.799706 0.000000
1.809103 0.000000
1.818501 0.000000
1.827899 -0.012500
1.837297 -0.012500
1.846695 -0.012500
1.856093 -0.012500
1.865491 -0.025000
1.874889 -0.025000
1.884287 -0.025000
1.893685 -0.025000
1.903083 -0.025000
1.912481 -0.025000
1.921879 -0.025000
1.931277 -0.037500
1.940675 -0.037500
1.950073 -0.037500
1.959470 -0.037500
1.968868 -0.050000
1.978266 -0.062500
1.987664 -0.062500
1.997062 -0.237500
2.006460 -0.537500
2.015858 -0.375000
2.025256 -0.200000
2.034654 -0.112500
2.044052 -0.075000
2.053450 -0.062500
2.062848 -0.062500
2.072246 -0.062500
2.081644 -0.062500
2.091042 -0.062500
2.100440 -0.050000
2.109838 -0.050000
2.119235 -0.050000
2.128633 -0.050000
2.138031 -0.050000
2.147429 -0.050000
2.156827 -0.050000
2.166225 -0.050000
2.175623 -0.050000
2.185021 -0.050000
2.194419 -0.050000
2.203817 -0.050000
2.213215 -0.050000
2.222613 -0.050000
2.232011 -0.050000
2.241409 -0.050000
2.250807 -0.050000
2.260205 -0.062500
2.269603 -0.062500
2.279000 -0.062500
2.288398 -0.062500
2.297796 -0.062500
2.307194 -0.062500
2.316592 -0.062500
2.325990 -0.062500
2.335388 -0.062500
2.344786 -0.062500
2.354184 -0.062500
2.363582 -0.062500
2.372980 -0.062500
2.382378 -0.062500
2.391776 -0.050000
2.401174 -0.050000
2.410572 -0.050000
2.419970 -0.050000
2.429367 -0.050000
2.438765 -0.050000
2.448163 -0.050000
2.457561 -0.050000
2.466959 -0.050000
2.476357 -0.050000
2.485755 -0.037500
2.495153 -0.037500
2.504551 -0.037500
2.513949 -0.037500
2.523347 -0.037500
2.532745 -0.037500
2.542143 -0.025000
2.551541 -0.025000
2.560939 -0.025000
2.570337 -0.025000
2.579735 -0.025000
2.589132 -0.025000
2.598530 -0.012500
2.607928 -0.012500
2.617326 -0.012500
2.626724 -0.012500
2.636122 -0.012500
2.645520 -0.012500
2.654918 -0.012500
2.664316 -0.012500
2.673714 0.000000
2.683112 0.000000
2.692510 0.000000
2.701908 0.000000
2.711306 0.000000
2.720704 0.000000
2.730102 0.012500
2.739500 0.012500
2.748897 0.012500
2.758295 0.025000
2.767693 0.025000
2.777091 0.025000
2.786489 0.037500
2.795887 0.062500
2.805285 0.062500
2.814683 0.075000
2.824081 0.087500
2.833479 0.100000
2.842877 0.100000
2.852275 0.100000
2.861673 0.100000
2.871071 0.100000
2.880469 0.100000
2.889867 0.100000
2.899264 0.100000
2.908662 0.100000
2.918060 0.100000
2.927458 0.087500
2.936856 0.087500
2.946254 0.087500
2.955652 0.087500
2.965050 0.087500
2.974448 0.075000
2.983846 0.075000
2.993244 0.075000
3.002642 0.075000
3.012040 0.062500
3.021438 0.062500
3.030836 0.050000
3.040234 0.050000
3.049632 0.037500
3.059029 0.025000
3.068427 0.012500
3.077825 0.012500
3.087223 0.000000
3.096621 -0.025000
3.106019 -0.025000
3.115417 -0.037500
3.124815 -0.037500
3.134213 -0.037500
3.143611 -0.037500
3.153009 -0.037500
3.162407 -0.037500
3.171805 -0.050000
3.181203 -0.062500
3.190601 -0.062500
3.199999 -0.062500
3.209397 -0.062500
3.218794 -0.062500
3.228192 -0.050000
3.237590 -0.037500
3.246988 -0.025000
3.256386 -0.025000
3.265784 -0.025000
3.275182 -0.012500
3.284580 -0.012500
3.293978 0.000000
3.303376 0.000000
3.312774 0.000000
3.322172 0.012500
3.331570 0.012500
3.340968 0.012500
3.350366 0.025000
3.359764 0.037500
3.369161 0.050000
3.378559 0.062500
3.387957 0.062500
3.397355 0.075000
3.406753 0.087500
3.416151 0.100000
3.425549 0.100000
3.434947 0.112500
3.444345 0.112500
3.453743 0.112500
3.463141 0.125000
3.472539 0.125000
3.481937 0.137500
3.491335 0.137500
3.500733 0.150000
3.510131 0.150000
3.519529 0.162500
3.528926 0.162500
3.538324 0.162500
3.547722 0.175000
3.557120 0.175000
3.566518 0.187500
3.575916 0.187500
3.585314 0.200000
3.594712 0.212500
3.604110 0.225000
3.613508 0.225000
3.622906 0.237500
3.632304 0.262500
3.641702 0.287500
3.651100 0.325000
3.660498 0.400000
3.669896 0.450000
3.679294 0.475000
3.688691 0.512500
3.698089 0.537500
3.707487 0.550000
3.716885 0.575000
3.726283 0.575000
3.735681 0.587500
3.745079 0.600000
3.754477 0.600000
3.763875 0.600000
3.773273 0.600000
3.782671 0.600000
3.792069 0.600000
3.801467 0.612500
3.810865 0.612500
3.820263 0.612500
3.829661 0.612500
3.839058 0.612500
3.848456 0.612500
3.857854 0.612500
3.867252 0.612500
3.876650 0.612500
3.886048 0.612500
3.895446 0.612500
3.904844 0.600000
3.914242 0.600000
3.923640 0.600000
3.933038 0.600000
3.942436 0.587500
3.951834 0.587500
3.961232 0.587500
3.970630 0.575000
3.980028 0.575000
3.989426 0.562500
3.998823 0.550000
4.008221 0.537500
4.017619 0.537500
4.027017 0.525000
4.036415 0.512500
4.045813 0.500000
4.055211 0.487500
4.064609 0.487500
4.074007 0.462500
4.083405 0.450000
4.092803 0.437500
4.102201 0.437500
4.111599 0.412500
4.120997 0.400000
4.130395 0.387500
4.139793 0.362500
4.149191 0.350000
4.158588 0.337500
4.167986 0.312500
4.177384 0.300000
4.186782 0.275000
4.196180 0.262500
4.205578 0.237500
4.214976 0.212500
4.224374 0.187500
4.233772 0.162500
4.243170 0.137500
4.252568 0.112500
4.261966 0.075000
4.271364 0.037500
4.280762 0.012500
4.290160 -0.025000
4.299558 -0.050000
4.308955 -0.075000
4.318353 -0.112500
4.327751 -0.150000
4.337149 -0.175000
4.346547 -0.212500
4.355945 -0.225000
4.365343 -0.262500
4.374741 -0.287500
4.384139 -0.312500
4.393537 -0.350000
4.402935 -0.375000
4.412333 -0.400000
4.421731 -0.412500
4.431129 -0.437500
4.440527 -0.450000
4.449925 -0.462500
4.459323 -0.487500
4.468720 -0.500000
4.478118 -0.512500
4.487516 -0.537500
4.496914 -0.550000
4.506312 -0.550000
4.515710 -0.562500
4.525108 -0.562500
4.534506 -0.575000
4.543904 -0.575000
4.553302 -0.587500
4.562700 -0.587500
4.572098 -0.600000
4.581496 -0.612500
4.590894 -0.612500
4.600292 -0.625000
4.609690 -0.625000
4.619088 -0.625000
4.628485 -0.625000
4.637883 -0.637500
4.647281 -0.650000
4.656679 -0.650000
4.666077 -0.650000
4.675475 -0.650000
4.684873 -0.662500
4.694271 -0.662500
