0.004699 3.850000
0.014097 3.850000
0.023495 3.837500
0.032893 3.850000
0.042291 3.837500
0.051689 3.837500
0.061087 3.837500
0.070485 3.837500
0.079882 3.837500
0.089280 3.837500
0.098678 3.837500
0.108076 3.837500
0.117474 3.837500
0.126872 3.837500
0.136270 3.837500
0.145668 3.837500
0.155066 3.837500
0.164464 3.837500
0.173862 3.837500
0.183260 3.837500
0.192658 3.837500
0.202056 3.837500
0.211454 3.837500
0.220852 3.837500
0.230250 3.837500
0.239647 3.837500
0.249045 3.837500
0.258443 3.837500
0.267841 3.837500
0.277239 3.837500
0.286637 3.837500
0.296035 3.837500
0.305433 3.837500
0.314831 3.837500
0.324229 3.837500
0.333627 3.837500
0.343025 3.837500
0.352423 3.837500
0.361821 3.837500
0.371219 3.837500
0.380617 3.837500
0.390015 3.837500
0.399412 3.837500
0.408810 3.837500
0.418208 3.837500
0.427606 3.837500
0.437004 3.837500
0.446402 3.837500
0.455800 3.837500
0.465198 3.837500
0.474596 3.837500
0.483994 3.837500
0.493392 3.837500
0.502790 3.837500
0.512188 3.837500
0.521586 3.837500
0.530984 3.837500
0.540382 3.837500
0.549779 3.837500
0.559177 3.837500
0.568575 3.837500
0.577973 3.837500
0.587371 3.837500
0.596769 3.837500
0.606167 3.837500
0.615565 3.837500
0.624963 3.837500
0.634361 3.837500
0.643759 3.837500
0.653157 3.837500
0.662555 3.825000
0.671953 3.825000
0.681351 3.825000
0.690749 3.825000
0.700147 3.825000
0.709544 3.825000
0.718942 3.825000
0.728340 3.825000
0.737738 3.825000
0.747136 3.825000
0.756534 3.825000
0.765932 3.825000
0.775330 3.812500
0.784728 3.812500
0.794126 3.812500
0.803524 3.812500
0.812922 3.812500
0.822320 3.800000
0.831718 3.800000
0.841116 3.787500
0.850514 3.775000
0.859912 3.775000
0.869309 3.750000
0.878707 3.737500
0.888105 3.725000
0.897503 3.700000
0.906901 3.687500
0.916299 3.662500
0.925697 3.637500
0.935095 3.612500
0.944493 3.587500
0.953891 3.562500
0.963289 3.537500
0.972687 3.525000
0.982085 3.500000
0.991483 3.475000
1.000881 3.450000
1.010279 3.400000
1.019676 3.375000
1.029074 3.312500
1.038472 3.287500
1.047870 3.212500
1.057268 3.175000
1.066666 3.125000
1.076064 3.075000
1.085462 3.012500
1.094860 2.950000
1.104258 2.875000
1.113656 2.812500
1.123054 2.675000
1.132452 2.512500
1.141850 2.312500
1.151248 2.125000
1.160646 1.812500
1.170044 1.425000
1.179441 1.287500
1.188839 1.100000
1.198237 0.900000
1.207635 0.787500
1.217033 0.687500
1.226431 0.575000
1.235829 0.525000
1.245227 0.425000
1.254625 0.400000
1.264023 0.375000
1.273421 0.375000
1.282819 0.362500
1.292217 0.350000
1.301615 0.325000
1.311013 0.325000
1.320411 0.312500
1.329809 0.312500
1.339206 0.312500
1.348604 0.312500
1.358002 0.312500
1.367400 0.312500
1.376798 0.312500
1.386196 0.312500
1.395594 0.325000
1.404992 0.325000
1.414390 0.350000
1.423788 0.525000
1.433186 1.350000
1.442584 1.612500
1.451982 1.737500
1.461380 1.875000
1.470778 1.937500
1.480176 2.100000
1.489573 2.275000
1.498971 2.425000
1.508369 2.500000
1.517767 2.687500
1.527165 2.700000
1.536563 2.737500
1.545961 2.787500
1.555359 2.825000
1.564757 2.862500
1.574155 2.950000
1.583553 2.987500
1.592951 3.037500
1.602349 3.100000
1.611747 3.137500
1.621145 3.150000
1.630543 3.137500
1.639941 3.150000
1.649338 3.137500
1.658736 3.162500
1.668134 3.187500
1.677532 3.237500
1.686930 3.262500
1.696328 3.275000
1.705726 3.287500
1.715124 3.287500
1.724522 3.287500
1.733920 3.275000
1.743318 3.250000
1.752716 3.212500
1.762114 3.150000
1.771512 3.062500
1.780910 2.937500
1.790308 2.725000
1.799706 2.625000
1.809103 2.462500
1.818501 2.187500
1.827899 2.025000
1.837297 1.762500
1.846695 1.537500
1.856093 1.012500
1.865491 0.875000
1.874889 0.612500
1.884287 0.475000
1.893685 0.425000
1.903083 0.462500
1.912481 0.587500
1.921879 0.512500
1.931277 0.487500
1.940675 0.487500
1.950073 0.487500
1.959470 0.375000
1.968868 0.275000
1.978266 0.262500
1.987664 0.237500
1.997062 0.037500
2.006460 0.025000
2.015858 0.025000
2.025256 0.025000
2.034654 0.025000
2.044052 0.037500
2.053450 0.037500
2.062848 0.050000
2.072246 0.062500
2.081644 0.062500
2.091042 0.062500
2.100440 0.062500
2.109838 0.050000
2.119235 0.050000
2.128633 0.050000
2.138031 0.050000
2.147429 0.050000
2.156827 0.050000
2.166225 0.050000
2.175623 0.050000
2.185021 0.050000
2.194419 0.050000
2.203817 0.050000
2.213215 0.050000
2.222613 0.037500
2.232011 0.037500
2.241409 0.037500
2.250807 0.037500
2.260205 0.037500
2.269603 0.037500
2.279000 0.037500
2.288398 0.037500
2.297796 0.037500
2.307194 0.037500
2.316592 0.037500
2.325990 0.037500
2.335388 0.037500
2.344786 0.037500
2.354184 0.037500
2.363582 0.037500
2.372980 0.037500
2.382378 0.050000
2.391776 0.062500
2.401174 0.062500
2.410572 0.087500
2.419970 0.112500
2.429367 0.137500
2.438765 0.137500
2.448163 0.150000
2.457561 0.162500
2.466959 0.175000
2.476357 0.175000
2.485755 0.187500
2.495153 0.187500
2.504551 0.200000
2.513949 0.200000
2.523347 0.212500
2.532745 0.212500
2.542143 0.225000
2.551541 0.225000
2.560939 0.237500
2.570337 0.237500
2.579735 0.250000
2.589132 0.250000
2.598530 0.262500
2.607928 0.262500
2.617326 0.275000
2.626724 0.287500
2.636122 0.325000
2.645520 0.400000
2.654918 0.537500
2.664316 0.825000
2.673714 1.112500
2.683112 1.237500
2.692510 1.387500
2.701908 1.525000
2.711306 1.737500
2.720704 1.825000
2.730102 1.900000
2.739500 1.975000
2.748897 2.062500
2.758295 2.175000
2.767693 2.275000
2.777091 2.287500
2.786489 2.287500
2.795887 2.412500
2.805285 2.375000
2.814683 2.387500
2.824081 2.450000
2.833479 2.475000
2.842877 2.487500
2.852275 2.425000
2.861673 2.387500
2.871071 2.325000
2.880469 2.225000
2.889867 2.150000
2.899264 2.062500
2.908662 1.962500
2.918060 1.925000
2.927458 1.875000
2.936856 1.800000
2.946254 1.737500
2.955652 1.650000
2.965050 1.512500
2.974448 1.400000
2.983846 1.287500
2.993244 1.175000
3.002642 1.025000
3.012040 0.862500
3.021438 0.675000
3.030836 0.600000
3.040234 0.550000
3.049632 0.437500
3.059029 0.375000
3.068427 0.337500
3.077825 0.325000
3.087223 0.312500
3.096621 0.300000
3.106019 0.300000
3.115417 0.300000
3.124815 0.300000
3.134213 0.300000
3.143611 0.300000
3.153009 0.300000
3.162407 0.300000
3.171805 0.300000
3.181203 0.300000
3.190601 0.300000
3.199999 0.312500
3.209397 0.312500
3.218794 0.312500
3.228192 0.337500
3.237590 0.375000
3.246988 0.450000
3.256386 0.500000
3.265784 0.550000
3.275182 0.637500
3.284580 0.687500
3.293978 0.737500
3.303376 0.787500
3.312774 0.837500
3.322172 0.900000
3.331570 1.000000
3.340968 1.075000
3.350366 1.262500
3.359764 1.462500
3.369161 1.600000
3.378559 1.737500
3.387957 1.887500
3.397355 2.125000
3.406753 2.325000
3.416151 2.575000
3.425549 2.687500
3.434947 2.750000
3.444345 2.862500
3.453743 2.962500
3.463141 3.087500
3.472539 3.175000
3.481937 3.250000
3.491335 3.325000
3.500733 3.387500
3.510131 3.437500
3.519529 3.475000
3.528926 3.525000
3.538324 3.550000
3.547722 3.587500
3.557120 3.612500
3.566518 3.625000
3.575916 3.637500
3.585314 3.662500
3.594712 3.675000
3.604110 3.675000
3.613508 3.687500
3.622906 3.687500
3.632304 3.700000
3.641702 3.700000
3.651100 3.712500
3.660498 3.712500
3.669896 3.712500
3.679294 3.712500
3.688691 3.712500
3.698089 3.712500
3.707487 3.712500
3.716885 3.712500
3.726283 3.712500
3.735681 3.712500
3.745079 3.712500
3.754477 3.712500
3.763875 3.712500
3.773273 3.712500
3.782671 3.712500
3.792069 3.712500
3.801467 3.712500
3.810865 3.700000
3.820263 3.700000
3.829661 3.700000
3.839058 3.700000
3.848456 3.700000
3.857854 3.700000
3.867252 3.687500
3.876650 3.687500
3.886048 3.687500
3.895446 3.687500
3.904844 3.675000
3.914242 3.675000
3.923640 3.675000
3.933038 3.675000
3.942436 3.675000
3.951834 3.662500
3.961232 3.662500
3.970630 3.650000
3.980028 3.650000
3.989426 3.650000
3.998823 3.637500
4.008221 3.637500
4.017619 3.625000
4.027017 3.625000
4.036415 3.612500
4.045813 3.612500
4.055211 3.612500
4.064609 3.600000
4.074007 3.600000
4.083405 3.587500
4.092803 3.575000
4.102201 3.562500
4.111599 3.562500
4.120997 3.550000
4.130395 3.537500
4.139793 3.537500
4.149191 3.525000
4.158588 3.525000
4.167986 3.512500
4.177384 3.500000
4.186782 3.487500
4.196180 3.475000
4.205578 3.462500
4.214976 3.450000
4.224374 3.437500
4.233772 3.425000
4.243170 3.412500
4.252568 3.400000
4.261966 3.387500
4.271364 3.375000
4.280762 3.362500
4.290160 3.337500
4.299558 3.325000
4.308955 3.312500
4.318353 3.287500
4.327751 3.262500
4.337149 3.250000
4.346547 3.225000
4.355945 3.225000
4.365343 3.212500
4.374741 3.200000
4.384139 3.187500
4.393537 3.175000
4.402935 3.162500
4.412333 3.150000
4.421731 3.137500
4.431129 3.125000
4.440527 3.112500
4.449925 3.112500
4.459323 3.112500
4.468720 3.125000
4.478118 3.125000
4.487516 3.125000
4.496914 3.137500
4.506312 3.137500
4.515710 3.150000
4.525108 3.175000
4.534506 3.175000
4.543904 3.175000
4.553302 3.200000
4.562700 3.212500
4.572098 3.212500
4.581496 3.225000
4.590894 3.250000
4.600292 3.262500
4.609690 3.287500
4.619088 3.275000
4.628485 3.287500
4.637883 3.300000
4.647281 3.300000
4.656679 3.300000
4.666077 3.300000
4.675475 3.312500
4.684873 3.312500
4.694271 3.312500
