0.004699 2.334702
0.014097 2.329489
0.023495 2.323818
0.032893 2.323347
0.042291 2.320143
0.051689 2.317407
0.061087 2.317835
0.070485 2.315883
0.079882 2.316748
0.089280 2.318944
0.098678 2.319283
0.108076 2.316659
0.117474 2.314573
0.126872 2.312019
0.136270 2.316605
0.145668 2.316534
0.155066 2.316212
0.164464 2.317444
0.173862 2.314663
0.183260 2.314663
0.192658 2.313941
0.202056 2.314105
0.211454 2.317755
0.220852 2.319397
0.230250 2.322002
0.239647 2.326413
0.249045 2.327461
0.258443 2.330923
0.267841 2.334043
0.277239 2.336769
0.286637 2.339652
0.296035 2.339641
0.305433 2.338878
0.314831 2.340234
0.324229 2.342506
0.333627 2.340652
0.343025 2.344668
0.352423 2.346194
0.361821 2.344929
0.371219 2.344680
0.380617 2.345182
0.390015 2.343475
0.399412 2.344088
0.408810 2.344640
0.418208 2.341686
0.427606 2.339249
0.437004 2.339497
0.446402 2.337121
0.455800 2.338987
0.465198 2.336896
0.474596 2.336035
0.483994 2.333464
0.493392 2.332631
0.502790 2.330560
0.512188 2.330213
0.521586 2.327674
0.530984 2.325770
0.540382 2.326391
0.549779 2.323806
0.559177 2.321726
0.568575 2.322273
0.577973 2.321281
0.587371 2.317534
0.596769 2.316216
0.606167 2.313211
0.615565 2.312470
0.624963 2.308172
0.634361 2.304971
0.643759 2.303374
0.653157 2.299233
0.662555 2.293127
0.671953 2.290622
0.681351 2.286949
0.690749 2.284780
0.700147 2.280066
0.709544 2.276772
0.718942 2.273400
0.728340 2.271897
0.737738 2.265881
0.747136 2.255308
0.756534 2.239179
0.765932 2.226721
0.775330 2.209387
0.784728 2.194267
0.794126 2.172206
0.803524 2.141984
0.812922 2.109623
0.822320 2.067930
0.831718 2.017489
0.841116 1.956107
0.850514 1.889280
0.859912 1.822906
0.869309 1.752492
0.878707 1.685812
0.888105 1.611259
0.897503 1.534636
0.906901 1.460739
0.916299 1.390031
0.925697 1.319748
0.935095 1.251854
0.944493 1.194013
0.953891 1.139103
0.963289 1.094718
0.972687 1.061579
0.982085 1.015969
0.991483 0.980208
1.000881 0.948804
1.010279 0.913657
1.019676 0.879325
1.029074 0.837794
1.038472 0.811680
1.047870 0.772317
1.057268 0.744970
1.066666 0.712990
1.076064 0.684759
1.085462 0.659178
1.094860 0.633757
1.104258 0.612850
1.113656 0.586486
1.123054 0.550090
1.132452 0.517723
1.141850 0.486475
1.151248 0.460650
1.160646 0.424955
1.170044 0.388233
1.179441 0.374671
1.188839 0.353649
1.198237 0.330668
1.207635 0.322122
1.217033 0.312767
1.226431 0.304966
1.235829 0.303688
1.245227 0.294519
1.254625 0.289874
1.264023 0.283319
1.273421 0.282916
1.282819 0.282273
1.292217 0.268058
1.301615 0.242869
1.311013 0.231545
1.320411 0.225094
1.329809 0.220801
1.339206 0.220856
1.348604 0.219329
1.358002 0.219874
1.367400 0.224204
1.376798 0.225736
1.386196 0.230057
1.395594 0.241840
1.404992 0.251063
1.414390 0.272751
1.423788 0.326364
1.433186 0.372619
1.442584 0.394109
1.451982 0.406950
1.461380 0.418728
1.470778 0.429482
1.480176 0.447305
1.489573 0.472246
1.498971 0.496684
1.508369 0.511505
1.517767 0.538479
1.527165 0.534525
1.536563 0.541935
1.545961 0.541302
1.555359 0.555840
1.564757 0.575299
1.574155 0.607809
1.583553 0.628095
1.592951 0.653647
1.602349 0.670848
1.611747 0.676277
1.621145 0.676798
1.630543 0.680014
1.639941 0.688248
1.649338 0.689281
1.658736 0.702554
1.668134 0.716652
1.677532 0.734565
1.686930 0.745193
1.696328 0.759606
1.705726 0.765147
1.715124 0.772967
1.724522 0.772760
1.733920 0.762378
1.743318 0.748211
1.752716 0.724137
1.762114 0.684283
1.771512 0.642664
1.780910 0.602322
1.790308 0.541765
1.799706 0.512729
1.809103 0.474854
1.818501 0.435980
1.827899 0.414326
1.837297 0.381878
1.846695 0.359218
1.856093 0.312934
1.865491 0.293341
1.874889 0.260571
1.884287 0.234389
1.893685 0.216467
1.903083 0.208192
1.912481 0.208165
1.921879 0.191663
1.931277 0.174364
1.940675 0.163240
1.950073 0.151371
1.959470 0.122197
1.968868 0.065886
1.978266 0.040953
1.987664 0.024102
1.997062 -0.018476
2.006460 -0.036272
2.015858 -0.024441
2.025256 -0.015268
2.034654 0.004570
2.044052 0.031912
2.053450 0.053218
2.062848 0.082146
2.072246 0.101241
2.081644 0.102634
2.091042 0.100861
2.100440 0.098484
2.109838 0.086813
2.119235 0.082831
2.128633 0.084647
2.138031 0.082945
2.147429 0.078244
2.156827 0.078074
2.166225 0.076826
2.175623 0.074353
2.185021 0.076455
2.194419 0.075385
2.203817 0.071252
2.213215 0.064391
2.222613 0.057632
2.232011 0.050093
2.241409 0.043228
2.250807 0.036797
2.260205 0.016365
2.269603 0.005929
2.279000 -0.004011
2.288398 -0.004773
2.297796 -0.004658
2.307194 -0.004872
2.316592 -0.004903
2.325990 -0.004123
2.335388 -0.003423
2.344786 -0.001729
2.354184 -0.001071
2.363582 0.000037
2.372980 0.002883
2.382378 0.002937
2.391776 0.004586
2.401174 0.006781
2.410572 0.008240
2.419970 0.010722
2.429367 0.011782
2.438765 0.015045
2.448163 0.018514
2.457561 0.021310
2.466959 0.021720
2.476357 0.026954
2.485755 0.044818
2.495153 0.054106
2.504551 0.061451
2.513949 0.070011
2.523347 0.074221
2.532745 0.086082
2.542143 0.100688
2.551541 0.110184
2.560939 0.119074
2.570337 0.128066
2.579735 0.144399
2.589132 0.154745
2.598530 0.165029
2.607928 0.175902
2.617326 0.187008
2.626724 0.199880
2.636122 0.210271
2.645520 0.226184
2.654918 0.240926
2.664316 0.262279
2.673714 0.281416
2.683112 0.293967
2.692510 0.308365
2.701908 0.323547
2.711306 0.343906
2.720704 0.353733
2.730102 0.369084
2.739500 0.379348
2.748897 0.390994
2.758295 0.406006
2.767693 0.415256
2.777091 0.412526
2.786489 0.416516
2.795887 0.429172
2.805285 0.425885
2.814683 0.427391
2.824081 0.439080
2.833479 0.445049
2.842877 0.446068
2.852275 0.432773
2.861673 0.425853
2.871071 0.417299
2.880469 0.404850
2.889867 0.396428
2.899264 0.388585
2.908662 0.378880
2.918060 0.374469
2.927458 0.367821
2.936856 0.361728
2.946254 0.356877
2.955652 0.349622
2.965050 0.340063
2.974448 0.330482
2.983846 0.324323
2.993244 0.320585
3.002642 0.311696
3.012040 0.304174
3.021438 0.293250
3.030836 0.290199
3.040234 0.285360
3.049632 0.275238
3.059029 0.265944
3.068427 0.254803
3.077825 0.242303
3.087223 0.227258
3.096621 0.215906
3.106019 0.206613
3.115417 0.204555
3.124815 0.204413
3.134213 0.205607
3.143611 0.205983
3.153009 0.203829
3.162407 0.205536
3.171805 0.206621
3.181203 0.205752
3.190601 0.205868
3.199999 0.213652
3.209397 0.215308
3.218794 0.217614
3.228192 0.224986
3.237590 0.231989
3.246988 0.241111
3.256386 0.245882
3.265784 0.249740
3.275182 0.263102
3.284580 0.267679
3.293978 0.274493
3.303376 0.282703
3.312774 0.288359
3.322172 0.299496
3.331570 0.312666
3.340968 0.324696
3.350366 0.347026
3.359764 0.370811
3.369161 0.390497
3.378559 0.408045
3.387957 0.428615
3.397355 0.459675
3.406753 0.495284
3.416151 0.540898
3.425549 0.573664
3.434947 0.605273
3.444345 0.644615
3.453743 0.691977
3.463141 0.744957
3.472539 0.794157
3.481937 0.850235
3.491335 0.910975
3.500733 0.974875
3.510131 1.038496
3.519529 1.099870
3.528926 1.168152
3.538324 1.224324
3.547722 1.285013
3.557120 1.347518
3.566518 1.404721
3.575916 1.456921
3.585314 1.504100
3.594712 1.550706
3.604110 1.591981
3.613508 1.625793
3.622906 1.656350
3.632304 1.682746
3.641702 1.707505
3.651100 1.724272
3.660498 1.741659
3.669896 1.754558
3.679294 1.764168
3.688691 1.774597
3.698089 1.776892
3.707487 1.783693
3.716885 1.787017
3.726283 1.787903
3.735681 1.789807
3.745079 1.789929
3.754477 1.788041
3.763875 1.786130
3.773273 1.781732
3.782671 1.774746
3.792069 1.772878
3.801467 1.771095
3.810865 1.766821
3.820263 1.758361
3.829661 1.757485
3.839058 1.753245
3.848456 1.747401
3.857854 1.741904
3.867252 1.736517
3.876650 1.732436
3.886048 1.725803
3.895446 1.721133
3.904844 1.714684
3.914242 1.709301
3.923640 1.699489
3.933038 1.693887
3.942436 1.686811
3.951834 1.678938
3.961232 1.670255
3.970630 1.662767
3.980028 1.652647
3.989426 1.643445
3.998823 1.631961
4.008221 1.618776
4.017619 1.608616
4.027017 1.596676
4.036415 1.585488
4.045813 1.573734
4.055211 1.560732
4.064609 1.552443
4.074007 1.537883
4.083405 1.524843
4.092803 1.512241
4.102201 1.499176
4.111599 1.485174
4.120997 1.473297
4.130395 1.459840
4.139793 1.447478
4.149191 1.433776
4.158588 1.420689
4.167986 1.407836
4.177384 1.394630
4.186782 1.378071
4.196180 1.362708
4.205578 1.345388
4.214976 1.333221
4.224374 1.317857
4.233772 1.302660
4.243170 1.285377
4.252568 1.269080
4.261966 1.253995
4.271364 1.239145
4.280762 1.221440
4.290160 1.209023
4.299558 1.193859
4.308955 1.176897
4.318353 1.161649
4.327751 1.144152
4.337149 1.130287
4.346547 1.112011
4.355945 1.102336
4.365343 1.090734
4.374741 1.077694
4.384139 1.063249
4.393537 1.048751
4.402935 1.036915
4.412333 1.029343
4.421731 1.018668
4.431129 1.010435
4.440527 1.002390
4.449925 0.996544
4.459323 0.992869
4.468720 0.987752
4.478118 0.984370
4.487516 0.981255
4.496914 0.977562
4.506312 0.974187
4.515710 0.974050
4.525108 0.977127
4.534506 0.976987
4.543904 0.977911
4.553302 0.978656
4.562700 0.979043
4.572098 0.980198
4.581496 0.978573
4.590894 0.982937
4.600292 0.987346
4.609690 0.992517
4.619088 0.996188
4.628485 1.003226
4.637883 1.006149
4.647281 1.004499
4.656679 1.010589
4.666077 1.009844
4.675475 1.013442
4.684873 1.015880
4.694271 1.019365
