   3.200001E+02    4.639613E+01    6.400387E+01
   2.650000E+02    4.350827E+01    5.674001E+01
   2.290000E+02    4.125886E+01    5.197342E+01
   1.940000E+02    3.867554E+01    4.728684E+01
   1.590000E+02    3.554566E+01    4.246808E+01
   1.320000E+02    3.261768E+01    3.856158E+01
   1.150000E+02    3.047452E+01    3.595304E+01
   9.699999E+01    2.789150E+01    3.299422E+01
   7.900001E+01    2.491669E+01    2.973337E+01
   6.600000E+01    2.247482E+01    2.710405E+01
   5.700000E+01    2.061491E+01    2.509770E+01
   4.900000E+01    1.882875E+01    2.314840E+01
   4.000000E+01    1.664903E+01    2.071666E+01
   3.300000E+01    1.481007E+01    1.860209E+01
   2.750000E+01    1.326059E+01    1.676736E+01
   2.250000E+01    1.175249E+01    1.493494E+01
   1.880000E+01    1.055645E+01    1.345300E+01
   1.620000E+01    9.661971E+00    1.233027E+01
   1.370000E+01    8.747948E+00    1.116929E+01
   1.120000E+01    7.768411E+00    9.903333E+00
   9.400000E+00    7.015068E+00    8.906012E+00
   8.100000E+00    6.442819E+00    8.128795E+00
   6.900000E+00    5.891734E+00    7.360265E+00
   5.600000E+00    5.267012E+00    6.462982E+00
   4.700000E+00    4.813695E+00    5.797238E+00
   4.100000E+00    4.498291E+00    5.331289E+00
   3.400000E+00    4.109939E+00    4.763289E+00
   2.810000E+00    3.755350E+00    4.260726E+00
   2.340000E+00    3.444137E+00    3.839296E+00
   2.030000E+00    3.218694E+00    3.546329E+00
   1.720000E+00    2.972278E+00    3.235792E+00
   1.410000E+00    2.700475E+00    2.900324E+00
   1.170000E+00    2.469778E+00    2.617864E+00
   1.020000E+00    2.315043E+00    2.429426E+00
   8.600000E-01    2.138426E+00    2.217606E+00
   7.000000E-01    1.943876E+00    1.993946E+00
   5.900000E-01    1.792926E+00    1.831679E+00
   5.100000E-01    1.669236E+00    1.706825E+00
   4.300000E-01    1.528907E+00    1.571902E+00
   3.500000E-01    1.366957E+00    1.418931E+00
   2.930000E-01    1.236459E+00    1.291381E+00
   2.540000E-01    1.140198E+00    1.190980E+00
   2.150000E-01    1.039532E+00    1.076727E+00
   1.760000E-01    9.366647E-01    9.459162E-01
   1.460000E-01    8.580142E-01    8.327745E-01
   1.270000E-01    8.092177E-01    7.553502E-01
   1.070000E-01    7.591006E-01    6.692370E-01
   8.800000E-02    7.126594E-01    5.835302E-01
   7.300000E-02    6.763503E-01    5.137346E-01
   6.300001E-02    6.518081E-01    4.665010E-01
   5.400000E-02    6.289192E-01    4.237685E-01
   4.400000E-02    6.015565E-01    3.763753E-01
   3.700000E-02    5.801407E-01    3.434959E-01
   3.200000E-02    5.629165E-01    3.202829E-01
   2.690000E-02    5.427773E-01    2.969237E-01
   2.200000E-02    5.196762E-01    2.748270E-01
   1.830000E-02    4.984786E-01    2.583368E-01
   1.590000E-02    4.821830E-01    2.476676E-01
   1.340000E-02    4.621875E-01    2.364622E-01
   1.100000E-02    4.389041E-01    2.254029E-01
   9.199999E-03    4.176821E-01    2.166527E-01
   7.900001E-03    3.995493E-01    2.098640E-01
   6.700001E-03    3.799755E-01    2.030006E-01
   5.500000E-03    3.567016E-01    1.951915E-01
   4.600001E-03    3.359182E-01    1.883276E-01
   4.000001E-03    3.199322E-01    1.830125E-01
   3.400000E-03    3.017167E-01    1.768328E-01
   2.750000E-03    2.786587E-01    1.687058E-01
   2.290000E-03    2.595258E-01    1.616134E-01
   1.980000E-03    2.448784E-01    1.559231E-01
   1.680000E-03    2.289663E-01    1.494488E-01
   1.370000E-03    2.101929E-01    1.413717E-01
   1.140000E-03    1.942405E-01    1.340961E-01
