   3.200001E+02    4.556901E+01    6.434063E+01
   2.650000E+02    4.295833E+01    5.707663E+01
   2.290000E+02    4.083982E+01    5.230511E+01
   1.940000E+02    3.834671E+01    4.760232E+01
   1.590000E+02    3.527496E+01    4.274798E+01
   1.320000E+02    3.237610E+01    3.879551E+01
   1.150000E+02    3.024819E+01    3.614833E+01
   9.699999E+01    2.768263E+01    3.314047E+01
   7.900001E+01    2.473111E+01    2.982375E+01
   6.600000E+01    2.231291E+01    2.715199E+01
   5.700000E+01    2.047435E+01    2.511708E+01
   4.900000E+01    1.871132E+01    2.314495E+01
   4.000000E+01    1.656175E+01    2.069374E+01
   3.300000E+01    1.474657E+01    1.857096E+01
   2.750000E+01    1.321287E+01    1.673347E+01
   2.250000E+01    1.171570E+01    1.489794E+01
   1.880000E+01    1.052780E+01    1.341038E+01
   1.620000E+01    9.641979E+00    1.228158E+01
   1.370000E+01    8.741428E+00    1.111483E+01
   1.120000E+01    7.782280E+00    9.847798E+00
   9.400000E+00    7.046948E+00    8.857144E+00
   8.100000E+00    6.487171E+00    8.091030E+00
   6.900000E+00    5.944226E+00    7.338356E+00
   5.600000E+00    5.319922E+00    6.463282E+00
   4.700000E+00    4.858600E+00    5.813059E+00
   4.100000E+00    4.533329E+00    5.355011E+00
   3.400000E+00    4.129841E+00    4.790474E+00
   2.810000E+00    3.762466E+00    4.283552E+00
   2.340000E+00    3.444764E+00    3.853726E+00
   2.030000E+00    3.218642E+00    3.554177E+00
   1.720000E+00    2.974914E+00    3.238404E+00
   1.410000E+00    2.707685E+00    2.901614E+00
   1.170000E+00    2.478983E+00    2.621561E+00
   1.020000E+00    2.323322E+00    2.435253E+00
   8.600000E-01    2.143404E+00    2.224312E+00
   7.000000E-01    1.944759E+00    1.997478E+00
   5.900000E-01    1.793320E+00    1.829859E+00
   5.100000E-01    1.672530E+00    1.700392E+00
   4.300000E-01    1.539127E+00    1.562627E+00
   3.500000E-01    1.387489E+00    1.412801E+00
   2.930000E-01    1.263546E+00    1.294028E+00
   2.540000E-01    1.168784E+00    1.203270E+00
   2.150000E-01    1.064720E+00    1.100630E+00
   1.760000E-01    9.514725E-01    9.806244E-01
   1.460000E-01    8.596961E-01    8.721019E-01
   1.270000E-01    8.008594E-01    7.943979E-01
   1.070000E-01    7.398227E-01    7.042645E-01
   8.800000E-02    6.842082E-01    6.106297E-01
   7.300000E-02    6.428907E-01    5.317597E-01
   6.300001E-02    6.168238E-01    4.773555E-01
   5.400000E-02    5.942397E-01    4.277346E-01
   4.400000E-02    5.694909E-01    3.727752E-01
   3.700000E-02    5.515013E-01    3.351521E-01
   3.200000E-02    5.375365E-01    3.091237E-01
   2.690000E-02    5.213380E-01    2.836208E-01
   2.200000E-02    5.024431E-01    2.603360E-01
   1.830000E-02    4.845437E-01    2.435511E-01
   1.590000E-02    4.703918E-01    2.329269E-01
   1.340000E-02    4.526415E-01    2.218877E-01
   1.100000E-02    4.316236E-01    2.110042E-01
   9.199999E-03    4.123282E-01    2.023460E-01
   7.900001E-03    3.958423E-01    1.956125E-01
   6.700001E-03    3.781040E-01    1.888458E-01
   5.500000E-03    3.571087E-01    1.812999E-01
   4.600001E-03    3.384175E-01    1.748894E-01
   4.000001E-03    3.240392E-01    1.700989E-01
   3.400000E-03    3.076057E-01    1.647212E-01
   2.750000E-03    2.866433E-01    1.579229E-01
   2.290000E-03    2.690395E-01    1.521779E-01
   1.980000E-03    2.553949E-01    1.476462E-01
   1.680000E-03    2.403784E-01    1.425275E-01
   1.370000E-03    2.223709E-01    1.361349E-01
   1.140000E-03    2.068018E-01    1.303187E-01
