   3.200001E+02    4.522034E+01    6.418361E+01
   2.650000E+02    4.270710E+01    5.671988E+01
   2.290000E+02    4.069677E+01    5.188136E+01
   1.940000E+02    3.832617E+01    4.717575E+01
   1.590000E+02    3.536934E+01    4.238793E+01
   1.320000E+02    3.253093E+01    3.853168E+01
   1.150000E+02    3.041827E+01    3.595906E+01
   9.699999E+01    2.784350E+01    3.303288E+01
   7.900001E+01    2.485468E+01    2.978776E+01
   6.600000E+01    2.239466E+01    2.715180E+01
   5.700000E+01    2.052316E+01    2.512960E+01
   4.900000E+01    1.873131E+01    2.315846E+01
   4.000000E+01    1.655489E+01    2.069549E+01
   3.300000E+01    1.472815E+01    1.855451E+01
   2.750000E+01    1.319532E+01    1.669915E+01
   2.250000E+01    1.170975E+01    1.484840E+01
   1.880000E+01    1.053808E+01    1.335418E+01
   1.620000E+01    9.667097E+00    1.222566E+01
   1.370000E+01    8.782002E+00    1.106514E+01
   1.120000E+01    7.836623E+00    9.811787E+00
   9.400000E+00    7.107446E+00    8.835860E+00
   8.100000E+00    6.548515E+00    8.082374E+00
   6.900000E+00    6.002586E+00    7.341891E+00
   5.600000E+00    5.370082E+00    6.478854E+00
   4.700000E+00    4.899906E+00    5.834752E+00
   4.100000E+00    4.567483E+00    5.379015E+00
   3.400000E+00    4.154887E+00    4.814660E+00
   2.810000E+00    3.779893E+00    4.305263E+00
   2.340000E+00    3.456857E+00    3.871504E+00
   2.030000E+00    3.227976E+00    3.568397E+00
   1.720000E+00    2.982441E+00    3.248409E+00
   1.410000E+00    2.714698E+00    2.907005E+00
   1.170000E+00    2.486678E+00    2.623375E+00
   1.020000E+00    2.332004E+00    2.434949E+00
   8.600000E-01    2.153739E+00    2.221991E+00
   7.000000E-01    1.957527E+00    1.993773E+00
   5.900000E-01    1.808115E+00    1.826038E+00
   5.100000E-01    1.688667E+00    1.697157E+00
   4.300000E-01    1.556019E+00    1.560495E+00
   3.500000E-01    1.404087E+00    1.411690E+00
   2.930000E-01    1.279421E+00    1.292867E+00
   2.540000E-01    1.184341E+00    1.201406E+00
   2.150000E-01    1.080670E+00    1.097597E+00
   1.760000E-01    9.690843E-01    9.765735E-01
   1.460000E-01    8.795199E-01    8.682251E-01
   1.270000E-01    8.222563E-01    7.915083E-01
   1.070000E-01    7.625568E-01    7.034200E-01
   8.800000E-02    7.072367E-01    6.127170E-01
   7.300000E-02    6.648475E-01    5.365761E-01
   6.300001E-02    6.371226E-01    4.838593E-01
   5.400000E-02    6.122798E-01    4.352853E-01
   4.400000E-02    5.842669E-01    3.803286E-01
   3.700000E-02    5.638780E-01    3.414849E-01
   3.200000E-02    5.485412E-01    3.137683E-01
   2.690000E-02    5.317593E-01    2.858603E-01
   2.200000E-02    5.137322E-01    2.599989E-01
   1.830000E-02    4.978225E-01    2.417703E-01
   1.590000E-02    4.856121E-01    2.309532E-01
   1.340000E-02    4.702092E-01    2.208827E-01
   1.100000E-02    4.511499E-01    2.126128E-01
   9.199999E-03    4.323512E-01    2.072512E-01
   7.900001E-03    4.151005E-01    2.035420E-01
   6.700001E-03    3.953128E-01    1.997494E-01
   5.500000E-03    3.705177E-01    1.947196E-01
   4.600001E-03    3.476662E-01    1.891894E-01
   4.000001E-03    3.299593E-01    1.840735E-01
   3.400000E-03    3.099611E-01    1.772794E-01
   2.750000E-03    2.853499E-01    1.673160E-01
   2.290000E-03    2.658025E-01    1.581141E-01
   1.980000E-03    2.514599E-01    1.506661E-01
   1.680000E-03    2.365007E-01    1.423355E-01
   1.370000E-03    2.196230E-01    1.323844E-01
   1.140000E-03    2.058300E-01    1.239738E-01
