   3.200001E+02    4.528897E+01    6.377400E+01
   2.650000E+02    4.273883E+01    5.645266E+01
   2.290000E+02    4.069032E+01    5.167848E+01
   1.940000E+02    3.828213E+01    4.700855E+01
   1.590000E+02    3.530134E+01    4.223018E+01
   1.320000E+02    3.246524E+01    3.836969E+01
   1.150000E+02    3.036718E+01    3.579529E+01
   9.699999E+01    2.781947E+01    3.287500E+01
   7.900001E+01    2.486605E+01    2.965208E+01
   6.600000E+01    2.243123E+01    2.704725E+01
   5.700000E+01    2.057291E+01    2.505542E+01
   4.900000E+01    1.878661E+01    2.311739E+01
   4.000000E+01    1.660489E+01    2.069735E+01
   3.300000E+01    1.476110E+01    1.859127E+01
   2.750000E+01    1.320376E+01    1.676056E+01
   2.250000E+01    1.168576E+01    1.492500E+01
   1.880000E+01    1.048433E+01    1.343307E+01
   1.620000E+01    9.590913E+00    1.229901E+01
   1.370000E+01    8.685252E+00    1.112585E+01
   1.120000E+01    7.723673E+00    9.851746E+00
   9.400000E+00    6.988360E+00    8.856111E+00
   8.100000E+00    6.429436E+00    8.086676E+00
   6.900000E+00    5.887788E+00    7.331184E+00
   5.600000E+00    5.265345E+00    6.453181E+00
   4.700000E+00    4.805641E+00    5.800786E+00
   4.100000E+00    4.481715E+00    5.341081E+00
   3.400000E+00    4.080317E+00    4.774259E+00
   2.810000E+00    3.715496E+00    4.265034E+00
   2.340000E+00    3.400729E+00    3.833138E+00
   2.030000E+00    3.177213E+00    3.532180E+00
   1.720000E+00    2.936821E+00    3.215096E+00
   1.410000E+00    2.673823E+00    2.877281E+00
   1.170000E+00    2.449144E+00    2.596724E+00
   1.020000E+00    2.296483E+00    2.410244E+00
   8.600000E-01    2.120480E+00    2.199363E+00
   7.000000E-01    1.926876E+00    1.973429E+00
   5.900000E-01    1.779468E+00    1.807685E+00
   5.100000E-01    1.661417E+00    1.680643E+00
   4.300000E-01    1.529798E+00    1.546160E+00
   3.500000E-01    1.378091E+00    1.399524E+00
   2.930000E-01    1.252941E+00    1.281648E+00
   2.540000E-01    1.157366E+00    1.190115E+00
   2.150000E-01    1.053453E+00    1.085309E+00
   1.760000E-01    9.426003E-01    9.621918E-01
   1.460000E-01    8.549882E-01    8.516469E-01
   1.270000E-01    7.999230E-01    7.735142E-01
   1.070000E-01    7.435767E-01    6.842399E-01
   8.800000E-02    6.926019E-01    5.931332E-01
   7.300000E-02    6.545363E-01    5.176249E-01
   6.300001E-02    6.301464E-01    4.661143E-01
   5.400000E-02    6.085657E-01    4.194659E-01
   4.400000E-02    5.842346E-01    3.680732E-01
   3.700000E-02    5.660750E-01    3.330098E-01
   3.200000E-02    5.517839E-01    3.088182E-01
   2.690000E-02    5.351274E-01    2.852437E-01
   2.200000E-02    5.157108E-01    2.640371E-01
   1.830000E-02    4.973132E-01    2.492227E-01
   1.590000E-02    4.826821E-01    2.402396E-01
   1.340000E-02    4.640947E-01    2.313888E-01
   1.100000E-02    4.415693E-01    2.232204E-01
   9.199999E-03    4.202691E-01    2.170290E-01
   7.900001E-03    4.015599E-01    2.122413E-01
   6.700001E-03    3.809252E-01    2.072513E-01
   5.500000E-03    3.559344E-01    2.011901E-01
   4.600001E-03    3.333358E-01    1.953932E-01
   4.000001E-03    3.158549E-01    1.905681E-01
   3.400000E-03    2.959077E-01    1.845987E-01
   2.750000E-03    2.707275E-01    1.762327E-01
   2.290000E-03    2.499844E-01    1.685537E-01
   1.980000E-03    2.342432E-01    1.622076E-01
   1.680000E-03    2.173139E-01    1.548500E-01
   1.370000E-03    1.976072E-01    1.455510E-01
   1.140000E-03    1.811157E-01    1.371308E-01
