   3.200001E+02    4.682601E+01    6.451302E+01
   2.650000E+02    4.336368E+01    5.704066E+01
   2.290000E+02    4.085108E+01    5.207181E+01
   1.940000E+02    3.812135E+01    4.715907E+01
   1.590000E+02    3.497232E+01    4.211620E+01
   1.320000E+02    3.212396E+01    3.806938E+01
   1.150000E+02    3.007164E+01    3.540315E+01
   9.699999E+01    2.761311E+01    3.242254E+01
   7.900001E+01    2.478011E+01    2.919327E+01
   6.600000E+01    2.243976E+01    2.662680E+01
   5.700000E+01    2.064245E+01    2.468556E+01
   4.900000E+01    1.890106E+01    2.280909E+01
   4.000000E+01    1.675113E+01    2.047406E+01
   3.300000E+01    1.491216E+01    1.844005E+01
   2.750000E+01    1.334390E+01    1.666359E+01
   2.250000E+01    1.180533E+01    1.486980E+01
   1.880000E+01    1.058444E+01    1.340094E+01
   1.620000E+01    9.677078E+00    1.227820E+01
   1.370000E+01    8.759483E+00    1.111224E+01
   1.120000E+01    7.788937E+00    9.842807E+00
   9.400000E+00    7.049563E+00    8.850266E+00
   8.100000E+00    6.488851E+00    8.083792E+00
   6.900000E+00    5.945992E+00    7.332190E+00
   5.600000E+00    5.321810E+00    6.460228E+00
   4.700000E+00    4.859778E+00    5.813302E+00
   4.100000E+00    4.533301E+00    5.357775E+00
   3.400000E+00    4.127373E+00    4.796151E+00
   2.810000E+00    3.756901E+00    4.291230E+00
   2.340000E+00    3.435994E+00    3.862263E+00
   2.030000E+00    3.207462E+00    3.562620E+00
   1.720000E+00    2.961342E+00    3.245941E+00
   1.410000E+00    2.692363E+00    2.907351E+00
   1.170000E+00    2.463348E+00    2.625804E+00
   1.020000E+00    2.307971E+00    2.439131E+00
   8.600000E-01    2.128145E+00    2.228961E+00
   7.000000E-01    1.927580E+00    2.004291E+00
   5.900000E-01    1.771899E+00    1.837931E+00
   5.100000E-01    1.645765E+00    1.707657E+00
   4.300000E-01    1.505405E+00    1.565352E+00
   3.500000E-01    1.347633E+00    1.404305E+00
   2.930000E-01    1.223397E+00    1.272270E+00
   2.540000E-01    1.132846E+00    1.170456E+00
   2.150000E-01    1.038462E+00    1.056873E+00
   1.760000E-01    9.414281E-01    9.292426E-01
   1.460000E-01    8.660331E-01    8.201742E-01
   1.270000E-01    8.183533E-01    7.458269E-01
   1.070000E-01    7.683864E-01    6.630381E-01
   8.800000E-02    7.210077E-01    5.801428E-01
   7.300000E-02    6.832489E-01    5.119354E-01
   6.300001E-02    6.574780E-01    4.652387E-01
   5.400000E-02    6.334112E-01    4.224877E-01
   4.400000E-02    6.048593E-01    3.743489E-01
   3.700000E-02    5.828858E-01    3.403873E-01
   3.200000E-02    5.655472E-01    3.160749E-01
   2.690000E-02    5.456972E-01    2.912980E-01
   2.200000E-02    5.234773E-01    2.675758E-01
   1.830000E-02    5.035385E-01    2.497430E-01
   1.590000E-02    4.884444E-01    2.382048E-01
   1.340000E-02    4.701287E-01    2.261736E-01
   1.100000E-02    4.489851E-01    2.145222E-01
   9.199999E-03    4.297920E-01    2.055908E-01
   7.900001E-03    4.133912E-01    1.989143E-01
   6.700001E-03    3.956334E-01    1.924358E-01
   5.500000E-03    3.743829E-01    1.854153E-01
   4.600001E-03    3.552280E-01    1.795290E-01
   4.000001E-03    3.403515E-01    1.751202E-01
   3.400000E-03    3.232236E-01    1.701138E-01
   2.750000E-03    3.012373E-01    1.636468E-01
   2.290000E-03    2.827064E-01    1.580413E-01
   1.980000E-03    2.683291E-01    1.535323E-01
   1.680000E-03    2.525118E-01    1.483606E-01
   1.370000E-03    2.335711E-01    1.418143E-01
   1.140000E-03    2.172291E-01    1.358037E-01
