   3.200001E+02    4.455367E+01    6.450214E+01
   2.650000E+02    4.216680E+01    5.702215E+01
   2.290000E+02    4.021148E+01    5.214679E+01
   1.940000E+02    3.788436E+01    4.737930E+01
   1.590000E+02    3.497701E+01    4.250311E+01
   1.320000E+02    3.219457E+01    3.856646E+01
   1.150000E+02    3.013051E+01    3.594388E+01
   9.699999E+01    2.762082E+01    3.297314E+01
   7.900001E+01    2.470961E+01    2.970285E+01
   6.600000E+01    2.230824E+01    2.706876E+01
   5.700000E+01    2.047351E+01    2.506070E+01
   4.900000E+01    1.870708E+01    2.311120E+01
   4.000000E+01    1.654513E+01    2.068011E+01
   3.300000E+01    1.471545E+01    1.856448E+01
   2.750000E+01    1.317081E+01    1.672454E+01
   2.250000E+01    1.166869E+01    1.488032E+01
   1.880000E+01    1.048335E+01    1.338426E+01
   1.620000E+01    9.603502E+00    1.225047E+01
   1.370000E+01    8.711777E+00    1.108171E+01
   1.120000E+01    7.763019E+00    9.817401E+00
   9.400000E+00    7.034340E+00    8.832437E+00
   8.100000E+00    6.477730E+00    8.072248E+00
   6.900000E+00    5.935657E+00    7.325829E+00
   5.600000E+00    5.309419E+00    6.457160E+00
   4.700000E+00    4.844953E+00    5.810045E+00
   4.100000E+00    4.516984E+00    5.352898E+00
   3.400000E+00    4.110238E+00    4.787707E+00
   2.810000E+00    3.740711E+00    4.278462E+00
   2.340000E+00    3.422377E+00    3.845525E+00
   2.030000E+00    3.196762E+00    3.543380E+00
   1.720000E+00    2.954606E+00    3.224760E+00
   1.410000E+00    2.690294E+00    2.885181E+00
   1.170000E+00    2.464926E+00    2.603237E+00
   1.020000E+00    2.311947E+00    2.415922E+00
   8.600000E-01    2.135667E+00    2.204159E+00
   7.000000E-01    1.941902E+00    1.977273E+00
   5.900000E-01    1.794604E+00    1.810821E+00
   5.100000E-01    1.676884E+00    1.683330E+00
   4.300000E-01    1.545902E+00    1.548677E+00
   3.500000E-01    1.395053E+00    1.402587E+00
   2.930000E-01    1.270337E+00    1.285880E+00
   2.540000E-01    1.174665E+00    1.195617E+00
   2.150000E-01    1.070001E+00    1.092393E+00
   1.760000E-01    9.574021E-01    9.708767E-01
   1.460000E-01    8.676100E-01    8.611947E-01
   1.270000E-01    8.107984E-01    7.832322E-01
   1.070000E-01    7.523886E-01    6.936546E-01
   8.800000E-02    6.993775E-01    6.016681E-01
   7.300000E-02    6.597932E-01    5.249863E-01
   6.300001E-02    6.345158E-01    4.724416E-01
   5.400000E-02    6.122816E-01    4.246907E-01
   4.400000E-02    5.874645E-01    3.718983E-01
   3.700000E-02    5.691767E-01    3.357720E-01
   3.200000E-02    5.549373E-01    3.108042E-01
   2.690000E-02    5.384885E-01    2.864586E-01
   2.200000E-02    5.194498E-01    2.645873E-01
   1.830000E-02    5.014682E-01    2.493826E-01
   1.590000E-02    4.871658E-01    2.402373E-01
   1.340000E-02    4.689576E-01    2.313350E-01
   1.100000E-02    4.468000E-01    2.232795E-01
   9.199999E-03    4.257365E-01    2.173155E-01
   7.900001E-03    4.071416E-01    2.127872E-01
   6.700001E-03    3.865332E-01    2.081168E-01
   5.500000E-03    3.614428E-01    2.024528E-01
   4.600001E-03    3.386430E-01    1.969954E-01
   4.000001E-03    3.209432E-01    1.924059E-01
   3.400000E-03    3.006886E-01    1.866656E-01
   2.750000E-03    2.750497E-01    1.785153E-01
   2.290000E-03    2.538848E-01    1.709442E-01
   1.980000E-03    2.378058E-01    1.646350E-01
   1.680000E-03    2.205035E-01    1.572725E-01
   1.370000E-03    2.003594E-01    1.479101E-01
   1.140000E-03    1.835069E-01    1.393905E-01
