   3.200001E+02    4.578171E+01    6.429086E+01
   2.650000E+02    4.294926E+01    5.687595E+01
   2.290000E+02    4.075463E+01    5.201082E+01
   1.940000E+02    3.824248E+01    4.723401E+01
   1.590000E+02    3.520425E+01    4.233817E+01
   1.320000E+02    3.236141E+01    3.838872E+01
   1.150000E+02    3.027738E+01    3.576434E+01
   9.699999E+01    2.775974E+01    3.280136E+01
   7.900001E+01    2.484985E+01    2.955224E+01
   6.600000E+01    2.245155E+01    2.694254E+01
   5.700000E+01    2.061865E+01    2.495551E+01
   4.900000E+01    1.885332E+01    2.302747E+01
   4.000000E+01    1.669174E+01    2.062449E+01
   3.300000E+01    1.486054E+01    1.853544E+01
   2.750000E+01    1.331123E+01    1.672071E+01
   2.250000E+01    1.179867E+01    1.490296E+01
   1.880000E+01    1.059889E+01    1.342750E+01
   1.620000E+01    9.704027E+00    1.230723E+01
   1.370000E+01    8.793298E+00    1.114897E+01
   1.120000E+01    7.820970E+00    9.890325E+00
   9.400000E+00    7.073061E+00    8.904652E+00
   8.100000E+00    6.502062E+00    8.140558E+00
   6.900000E+00    5.947060E+00    7.387500E+00
   5.600000E+00    5.308284E+00    6.508009E+00
   4.700000E+00    4.836871E+00    5.851171E+00
   4.100000E+00    4.505465E+00    5.386631E+00
   3.400000E+00    4.096319E+00    4.812105E+00
   2.810000E+00    3.726446E+00    4.294698E+00
   2.340000E+00    3.409133E+00    3.855372E+00
   2.030000E+00    3.184871E+00    3.549225E+00
   1.720000E+00    2.944641E+00    3.226860E+00
   1.410000E+00    2.682988E+00    2.883875E+00
   1.170000E+00    2.460462E+00    2.599794E+00
   1.020000E+00    2.309690E+00    2.411713E+00
   8.600000E-01    2.135900E+00    2.200100E+00
   7.000000E-01    1.943866E+00    1.974724E+00
   5.900000E-01    1.796384E+00    1.809757E+00
   5.100000E-01    1.677432E+00    1.682875E+00
   4.300000E-01    1.544447E+00    1.547474E+00
   3.500000E-01    1.391942E+00    1.398221E+00
   2.930000E-01    1.267709E+00    1.277604E+00
   2.540000E-01    1.174012E+00    1.184309E+00
   2.150000E-01    1.073138E+00    1.078588E+00
   1.760000E-01    9.661255E-01    9.563548E-01
   1.460000E-01    8.812862E-01    8.483144E-01
   1.270000E-01    8.274154E-01    7.727037E-01
   1.070000E-01    7.714091E-01    6.867953E-01
   8.800000E-02    7.194537E-01    5.993293E-01
   7.300000E-02    6.794126E-01    5.267064E-01
   6.300001E-02    6.529928E-01    4.769323E-01
   5.400000E-02    6.290348E-01    4.315681E-01
   4.400000E-02    6.013924E-01    3.810889E-01
   3.700000E-02    5.804569E-01    3.461789E-01
   3.200000E-02    5.639280E-01    3.217408E-01
   2.690000E-02    5.447483E-01    2.974776E-01
   2.200000E-02    5.226738E-01    2.749847E-01
   1.830000E-02    5.021626E-01    2.585643E-01
   1.590000E-02    4.861818E-01    2.481037E-01
   1.340000E-02    4.663347E-01    2.372097E-01
   1.100000E-02    4.429737E-01    2.264624E-01
   9.199999E-03    4.215488E-01    2.178849E-01
   7.900001E-03    4.032116E-01    2.111534E-01
   6.700001E-03    3.834336E-01    2.042793E-01
   5.500000E-03    3.599745E-01    1.964062E-01
   4.600001E-03    3.390846E-01    1.894839E-01
   4.000001E-03    3.230452E-01    1.841457E-01
   3.400000E-03    3.047821E-01    1.779766E-01
   2.750000E-03    2.816519E-01    1.699264E-01
   2.290000E-03    2.624208E-01    1.629452E-01
   1.980000E-03    2.476611E-01    1.573593E-01
   1.680000E-03    2.315829E-01    1.510051E-01
   1.370000E-03    2.125498E-01    1.430594E-01
   1.140000E-03    1.963240E-01    1.358691E-01
