   3.200001E+02    4.526748E+01    6.492423E+01
   2.650000E+02    4.276964E+01    5.750794E+01
   2.290000E+02    4.072047E+01    5.265943E+01
   1.940000E+02    3.828577E+01    4.789899E+01
   1.590000E+02    3.525748E+01    4.300182E+01
   1.320000E+02    3.237763E+01    3.902287E+01
   1.150000E+02    3.025386E+01    3.635950E+01
   9.699999E+01    2.768579E+01    3.333244E+01
   7.900001E+01    2.472547E+01    2.999157E+01
   6.600000E+01    2.229836E+01    2.729757E+01
   5.700000E+01    2.045336E+01    2.524434E+01
   4.900000E+01    1.868512E+01    2.325378E+01
   4.000000E+01    1.653110E+01    2.077943E+01
   3.300000E+01    1.471424E+01    1.863693E+01
   2.750000E+01    1.318106E+01    1.678295E+01
   2.250000E+01    1.168667E+01    1.493199E+01
   1.880000E+01    1.050295E+01    1.343338E+01
   1.620000E+01    9.621452E+00    1.229764E+01
   1.370000E+01    8.726096E+00    1.112563E+01
   1.120000E+01    7.772659E+00    9.855599E+00
   9.400000E+00    7.041000E+00    8.864704E+00
   8.100000E+00    6.483043E+00    8.099490E+00
   6.900000E+00    5.940649E+00    7.348277E+00
   5.600000E+00    5.315162E+00    6.474943E+00
   4.700000E+00    4.851695E+00    5.825448E+00
   4.100000E+00    4.524386E+00    5.367322E+00
   3.400000E+00    4.118055E+00    4.801740E+00
   2.810000E+00    3.748181E+00    4.292805E+00
   2.340000E+00    3.428764E+00    3.860437E+00
   2.030000E+00    3.201859E+00    3.558712E+00
   1.720000E+00    2.957813E+00    3.240380E+00
   1.410000E+00    2.690936E+00    2.900682E+00
   1.170000E+00    2.463199E+00    2.618137E+00
   1.020000E+00    2.308660E+00    2.430193E+00
   8.600000E-01    2.130675E+00    2.217642E+00
   7.000000E-01    1.934936E+00    1.990019E+00
   5.900000E-01    1.785731E+00    1.823056E+00
   5.100000E-01    1.666046E+00    1.694947E+00
   4.300000E-01    1.532449E+00    1.558980E+00
   3.500000E-01    1.378531E+00    1.410028E+00
   2.930000E-01    1.251946E+00    1.289712E+00
   2.540000E-01    1.155695E+00    1.196062E+00
   2.150000E-01    1.051578E+00    1.088822E+00
   1.760000E-01    9.412100E-01    9.631178E-01
   1.460000E-01    8.545392E-01    8.506658E-01
   1.270000E-01    8.003387E-01    7.714498E-01
   1.070000E-01    7.451230E-01    6.811975E-01
   8.800000E-02    6.954323E-01    5.893569E-01
   7.300000E-02    6.585468E-01    5.134320E-01
   6.300001E-02    6.350523E-01    4.617456E-01
   5.400000E-02    6.143818E-01    4.150368E-01
   4.400000E-02    5.912254E-01    3.637499E-01
   3.700000E-02    5.740261E-01    3.289484E-01
   3.200000E-02    5.605045E-01    3.051065E-01
   2.690000E-02    5.447020E-01    2.821159E-01
   2.200000E-02    5.261357E-01    2.618147E-01
   1.830000E-02    5.083277E-01    2.480337E-01
   1.590000E-02    4.939886E-01    2.399515E-01
   1.340000E-02    4.755362E-01    2.322922E-01
   1.100000E-02    4.528307E-01    2.255611E-01
   9.199999E-03    4.310431E-01    2.206506E-01
   7.900001E-03    4.116837E-01    2.168800E-01
   6.700001E-03    3.901287E-01    2.128588E-01
   5.500000E-03    3.637978E-01    2.077169E-01
   4.600001E-03    3.398360E-01    2.024858E-01
   4.000001E-03    3.212396E-01    1.979162E-01
   3.400000E-03    2.999914E-01    1.920416E-01
   2.750000E-03    2.731831E-01    1.835014E-01
   2.290000E-03    2.511591E-01    1.754449E-01
   1.980000E-03    2.345085E-01    1.686828E-01
   1.680000E-03    2.166817E-01    1.607663E-01
   1.370000E-03    1.960600E-01    1.506925E-01
   1.140000E-03    1.789286E-01    1.415425E-01
