   3.200001E+02    4.535799E+01    6.492502E+01
   2.650000E+02    4.262285E+01    5.742561E+01
   2.290000E+02    4.046852E+01    5.250436E+01
   1.940000E+02    3.797793E+01    4.766642E+01
   1.590000E+02    3.494670E+01    4.269622E+01
   1.320000E+02    3.210404E+01    3.867547E+01
   1.150000E+02    3.002117E+01    3.599837E+01
   9.699999E+01    2.750932E+01    3.297265E+01
   7.900001E+01    2.461451E+01    2.965479E+01
   6.600000E+01    2.223637E+01    2.699375E+01
   5.700000E+01    2.042359E+01    2.497208E+01
   4.900000E+01    1.868119E+01    2.301550E+01
   4.000000E+01    1.655141E+01    2.058545E+01
   3.300000E+01    1.474878E+01    1.848124E+01
   2.750000E+01    1.322327E+01    1.665944E+01
   2.250000E+01    1.173236E+01    1.483926E+01
   1.880000E+01    1.054821E+01    1.336419E+01
   1.620000E+01    9.664256E+00    1.224507E+01
   1.370000E+01    8.764336E+00    1.108853E+01
   1.120000E+01    7.803774E+00    9.832501E+00
   9.400000E+00    7.065394E+00    8.849815E+00
   8.100000E+00    6.501979E+00    8.088970E+00
   6.900000E+00    5.954456E+00    7.340218E+00
   5.600000E+00    5.323993E+00    6.467475E+00
   4.700000E+00    4.858044E+00    5.817017E+00
   4.100000E+00    4.529854E+00    5.357672E+00
   3.400000E+00    4.123636E+00    4.790250E+00
   2.810000E+00    3.755119E+00    4.279686E+00
   2.340000E+00    3.437814E+00    3.846258E+00
   2.030000E+00    3.212890E+00    3.544130E+00
   1.720000E+00    2.971356E+00    3.225848E+00
   1.410000E+00    2.707478E+00    2.887018E+00
   1.170000E+00    2.482102E+00    2.606027E+00
   1.020000E+00    2.328769E+00    2.419447E+00
   8.600000E-01    2.151625E+00    2.208379E+00
   7.000000E-01    1.956523E+00    1.981590E+00
   5.900000E-01    1.808440E+00    1.814505E+00
   5.100000E-01    1.690688E+00    1.686208E+00
   4.300000E-01    1.560596E+00    1.550873E+00
   3.500000E-01    1.411785E+00    1.405278E+00
   2.930000E-01    1.288790E+00    1.290665E+00
   2.540000E-01    1.193789E+00    1.203110E+00
   2.150000E-01    1.088580E+00    1.103682E+00
   1.760000E-01    9.732496E-01    9.865770E-01
   1.460000E-01    8.792986E-01    8.799076E-01
   1.270000E-01    8.188502E-01    8.031901E-01
   1.070000E-01    7.558878E-01    7.139535E-01
   8.800000E-02    6.981221E-01    6.210292E-01
   7.300000E-02    6.547611E-01    5.425527E-01
   6.300001E-02    6.271044E-01    4.882449E-01
   5.400000E-02    6.029225E-01    4.385092E-01
   4.400000E-02    5.762708E-01    3.830750E-01
   3.700000E-02    5.569847E-01    3.448390E-01
   3.200000E-02    5.422202E-01    3.182438E-01
   2.690000E-02    5.254368E-01    2.921476E-01
   2.200000E-02    5.063136E-01    2.685271E-01
   1.830000E-02    4.884599E-01    2.519769E-01
   1.590000E-02    4.743477E-01    2.419592E-01
   1.340000E-02    4.564440E-01    2.321601E-01
   1.100000E-02    4.346993E-01    2.232686E-01
   9.199999E-03    4.140375E-01    2.167031E-01
   7.900001E-03    3.957917E-01    2.117578E-01
   6.700001E-03    3.755589E-01    2.067165E-01
   5.500000E-03    3.509106E-01    2.006938E-01
   4.600001E-03    3.285030E-01    1.949720E-01
   4.000001E-03    3.111063E-01    1.902061E-01
   3.400000E-03    2.912030E-01    1.842875E-01
   2.750000E-03    2.660255E-01    1.759403E-01
   2.290000E-03    2.452646E-01    1.682282E-01
   1.980000E-03    2.295118E-01    1.618254E-01
   1.680000E-03    2.125835E-01    1.543769E-01
   1.370000E-03    1.929099E-01    1.449372E-01
   1.140000E-03    1.764842E-01    1.363762E-01
