   3.200001E+02    4.495759E+01    6.432859E+01
   2.650000E+02    4.251026E+01    5.699789E+01
   2.290000E+02    4.049053E+01    5.220219E+01
   1.940000E+02    3.808379E+01    4.748987E+01
   1.590000E+02    3.508579E+01    4.263762E+01
   1.320000E+02    3.223378E+01    3.869209E+01
   1.150000E+02    3.013093E+01    3.605022E+01
   9.699999E+01    2.758893E+01    3.304776E+01
   7.900001E+01    2.465943E+01    2.973566E+01
   6.600000E+01    2.225740E+01    2.706698E+01
   5.700000E+01    2.043068E+01    2.503443E+01
   4.900000E+01    1.867888E+01    2.306478E+01
   4.000000E+01    1.654328E+01    2.061690E+01
   3.300000E+01    1.474095E+01    1.849736E+01
   2.750000E+01    1.321986E+01    1.666365E+01
   2.250000E+01    1.173710E+01    1.483445E+01
   1.880000E+01    1.056170E+01    1.335558E+01
   1.620000E+01    9.684877E+00    1.223643E+01
   1.370000E+01    8.791768E+00    1.108285E+01
   1.120000E+01    7.836474E+00    9.833386E+00
   9.400000E+00    7.099543E+00    8.857741E+00
   8.100000E+00    6.535104E+00    8.102905E+00
   6.900000E+00    5.984509E+00    7.359936E+00
   5.600000E+00    5.347844E+00    6.492879E+00
   4.700000E+00    4.875627E+00    5.845273E+00
   4.100000E+00    4.542350E+00    5.386941E+00
   3.400000E+00    4.129384E+00    4.819387E+00
   2.810000E+00    3.754692E+00    4.307251E+00
   2.340000E+00    3.432341E+00    3.871369E+00
   2.030000E+00    3.204125E+00    3.566906E+00
   1.720000E+00    2.959451E+00    3.245545E+00
   1.410000E+00    2.692969E+00    2.902670E+00
   1.170000E+00    2.466566E+00    2.617988E+00
   1.020000E+00    2.313318E+00    2.429261E+00
   8.600000E-01    2.136720E+00    2.216759E+00
   7.000000E-01    1.941396E+00    1.990134E+00
   5.900000E-01    1.791154E+00    1.823726E+00
   5.100000E-01    1.669951E+00    1.695111E+00
   4.300000E-01    1.534785E+00    1.556985E+00
   3.500000E-01    1.380928E+00    1.403693E+00
   2.930000E-01    1.257024E+00    1.279553E+00
   2.540000E-01    1.164552E+00    1.183914E+00
   2.150000E-01    1.065831E+00    1.076440E+00
   1.760000E-01    9.616454E-01    9.537311E-01
   1.460000E-01    8.788988E-01    8.466224E-01
   1.270000E-01    8.259485E-01    7.722439E-01
   1.070000E-01    7.702341E-01    6.880601E-01
   8.800000E-02    7.176127E-01    6.023690E-01
   7.300000E-02    6.762271E-01    5.309144E-01
   6.300001E-02    6.484720E-01    4.815904E-01
   5.400000E-02    6.230261E-01    4.362300E-01
   4.400000E-02    5.934985E-01    3.850506E-01
   3.700000E-02    5.712356E-01    3.489939E-01
   3.200000E-02    5.538917E-01    3.232811E-01
   2.690000E-02    5.341867E-01    2.972344E-01
   2.200000E-02    5.121923E-01    2.725269E-01
   1.830000E-02    4.924049E-01    2.541613E-01
   1.590000E-02    4.773477E-01    2.423949E-01
   1.340000E-02    4.589594E-01    2.302295E-01
   1.100000E-02    4.375617E-01    2.185342E-01
   9.199999E-03    4.179918E-01    2.095912E-01
   7.900001E-03    4.011784E-01    2.028821E-01
   6.700001E-03    3.829063E-01    1.963126E-01
   5.500000E-03    3.609891E-01    1.890769E-01
   4.600001E-03    3.412272E-01    1.828805E-01
   4.000001E-03    3.259003E-01    1.781516E-01
   3.400000E-03    3.083000E-01    1.726930E-01
   2.750000E-03    2.858143E-01    1.655256E-01
   2.290000E-03    2.669844E-01    1.592413E-01
   1.980000E-03    2.524666E-01    1.541623E-01
   1.680000E-03    2.365981E-01    1.483328E-01
   1.370000E-03    2.177507E-01    1.409766E-01
   1.140000E-03    2.016337E-01    1.342674E-01
