   3.200001E+02    4.553295E+01    6.423216E+01
   2.650000E+02    4.283036E+01    5.685063E+01
   2.290000E+02    4.069206E+01    5.202083E+01
   1.940000E+02    3.820867E+01    4.728187E+01
   1.590000E+02    3.517144E+01    4.241818E+01
   1.320000E+02    3.231154E+01    3.848141E+01
   1.150000E+02    3.021089E+01    3.585585E+01
   9.699999E+01    2.767382E+01    3.288134E+01
   7.900001E+01    2.474734E+01    2.960854E+01
   6.600000E+01    2.234288E+01    2.697435E+01
   5.700000E+01    2.051065E+01    2.496757E+01
   4.900000E+01    1.875055E+01    2.302113E+01
   4.000000E+01    1.660111E+01    2.059832E+01
   3.300000E+01    1.478433E+01    1.849621E+01
   2.750000E+01    1.324936E+01    1.667388E+01
   2.250000E+01    1.175196E+01    1.485207E+01
   1.880000E+01    1.056462E+01    1.337586E+01
   1.620000E+01    9.679115E+00    1.225652E+01
   1.370000E+01    8.777879E+00    1.110061E+01
   1.120000E+01    7.815447E+00    9.846267E+00
   9.400000E+00    7.074729E+00    8.865335E+00
   8.100000E+00    6.508751E+00    8.105788E+00
   6.900000E+00    5.958010E+00    7.357938E+00
   5.600000E+00    5.323040E+00    6.485332E+00
   4.700000E+00    4.853417E+00    5.834045E+00
   4.100000E+00    4.522631E+00    5.373528E+00
   3.400000E+00    4.113423E+00    4.803934E+00
   2.810000E+00    3.742660E+00    4.290747E+00
   2.340000E+00    3.423968E+00    3.854689E+00
   2.030000E+00    3.198416E+00    3.550591E+00
   1.720000E+00    2.956511E+00    3.230156E+00
   1.410000E+00    2.692578E+00    2.888866E+00
   1.170000E+00    2.467648E+00    2.605568E+00
   1.020000E+00    2.315126E+00    2.417375E+00
   8.600000E-01    2.139651E+00    2.204749E+00
   7.000000E-01    1.947134E+00    1.977397E+00
   5.900000E-01    1.800868E+00    1.811164E+00
   5.100000E-01    1.683823E+00    1.684257E+00
   4.300000E-01    1.553234E+00    1.550589E+00
   3.500000E-01    1.402239E+00    1.405796E+00
   2.930000E-01    1.276967E+00    1.290064E+00
   2.540000E-01    1.180684E+00    1.200419E+00
   2.150000E-01    1.075237E+00    1.097740E+00
   1.760000E-01    9.616981E-01    9.767137E-01
   1.460000E-01    8.710459E-01    8.674223E-01
   1.270000E-01    8.135840E-01    7.897426E-01
   1.070000E-01    7.543352E-01    7.005101E-01
   8.800000E-02    7.002846E-01    6.088967E-01
   7.300000E-02    6.596112E-01    5.325207E-01
   6.300001E-02    6.334113E-01    4.801601E-01
   5.400000E-02    6.101592E-01    4.325305E-01
   4.400000E-02    5.839264E-01    3.797608E-01
   3.700000E-02    5.644086E-01    3.435094E-01
   3.200000E-02    5.491366E-01    3.183228E-01
   2.690000E-02    5.314782E-01    2.935698E-01
   2.200000E-02    5.111185E-01    2.710228E-01
   1.830000E-02    4.920517E-01    2.550134E-01
   1.590000E-02    4.770308E-01    2.451455E-01
   1.340000E-02    4.581068E-01    2.352593E-01
   1.100000E-02    4.353727E-01    2.259682E-01
   9.199999E-03    4.140379E-01    2.188430E-01
   7.900001E-03    3.954034E-01    2.133325E-01
   6.700001E-03    3.749427E-01    2.076459E-01
   5.500000E-03    3.502641E-01    2.008751E-01
   4.600001E-03    3.280208E-01    1.945562E-01
   4.000001E-03    3.108499E-01    1.894015E-01
   3.400000E-03    2.912837E-01    1.831314E-01
   2.750000E-03    2.666113E-01    1.744946E-01
   2.290000E-03    2.462975E-01    1.666780E-01
   1.980000E-03    2.308828E-01    1.602759E-01
   1.680000E-03    2.143010E-01    1.529016E-01
   1.370000E-03    1.949889E-01    1.436361E-01
   1.140000E-03    1.788156E-01    1.352839E-01
