   3.200001E+02    4.572956E+01    6.436105E+01
   2.650000E+02    4.310961E+01    5.682741E+01
   2.290000E+02    4.107638E+01    5.197636E+01
   1.940000E+02    3.869496E+01    4.730679E+01
   1.590000E+02    3.569408E+01    4.260808E+01
   1.320000E+02    3.275934E+01    3.883420E+01
   1.150000E+02    3.054673E+01    3.629472E+01
   9.699999E+01    2.783824E+01    3.335874E+01
   7.900001E+01    2.471616E+01    3.002819E+01
   6.600000E+01    2.219664E+01    2.727588E+01
   5.700000E+01    2.032404E+01    2.515476E+01
   4.900000E+01    1.857037E+01    2.309804E+01
   4.000000E+01    1.648442E+01    2.056924E+01
   3.300000E+01    1.475129E+01    1.842549E+01
   2.750000E+01    1.328634E+01    1.661120E+01
   2.250000E+01    1.183468E+01    1.483100E+01
   1.880000E+01    1.065603E+01    1.340005E+01
   1.620000E+01    9.758797E+00    1.231243E+01
   1.370000E+01    8.831863E+00    1.117943E+01
   1.120000E+01    7.833284E+00    9.932704E+00
   9.400000E+00    7.065197E+00    8.944027E+00
   8.100000E+00    6.482324E+00    8.171447E+00
   6.900000E+00    5.920717E+00    7.406854E+00
   5.600000E+00    5.281568E+00    6.513304E+00
   4.700000E+00    4.814599E+00    5.848009E+00
   4.100000E+00    4.488100E+00    5.379544E+00
   3.400000E+00    4.085960E+00    4.803218E+00
   2.810000E+00    3.722067E+00    4.287318E+00
   2.340000E+00    3.408589E+00    3.851430E+00
   2.030000E+00    3.185883E+00    3.548610E+00
   1.720000E+00    2.945991E+00    3.230288E+00
   1.410000E+00    2.682896E+00    2.891792E+00
   1.170000E+00    2.457498E+00    2.611023E+00
   1.020000E+00    2.303946E+00    2.424513E+00
   8.600000E-01    2.126393E+00    2.213578E+00
   7.000000E-01    1.930328E+00    1.987149E+00
   5.900000E-01    1.780715E+00    1.820246E+00
   5.100000E-01    1.661114E+00    1.691581E+00
   4.300000E-01    1.528605E+00    1.554733E+00
   3.500000E-01    1.377543E+00    1.405574E+00
   2.930000E-01    1.254084E+00    1.286850E+00
   2.540000E-01    1.159966E+00    1.195901E+00
   2.150000E-01    1.057057E+00    1.093056E+00
   1.760000E-01    9.456352E-01    9.732379E-01
   1.460000E-01    8.556422E-01    8.655475E-01
   1.270000E-01    7.979499E-01    7.888647E-01
   1.070000E-01    7.379099E-01    7.003094E-01
   8.800000E-02    6.827721E-01    6.086309E-01
   7.300000E-02    6.412954E-01    5.314939E-01
   6.300001E-02    6.147875E-01    4.782179E-01
   5.400000E-02    5.915771E-01    4.294877E-01
   4.400000E-02    5.659686E-01    3.752537E-01
   3.700000E-02    5.474231E-01    3.379290E-01
   3.200000E-02    5.332116E-01    3.120468E-01
   2.690000E-02    5.170239E-01    2.867714E-01
   2.200000E-02    4.984993E-01    2.640927E-01
   1.830000E-02    4.810882E-01    2.484188E-01
   1.590000E-02    4.672287E-01    2.390819E-01
   1.340000E-02    4.495127E-01    2.301161E-01
   1.100000E-02    4.277995E-01    2.221637E-01
   9.199999E-03    4.069863E-01    2.163880E-01
   7.900001E-03    3.884820E-01    2.120373E-01
   6.700001E-03    3.678538E-01    2.075265E-01
   5.500000E-03    3.426150E-01    2.019501E-01
   4.600001E-03    3.196149E-01    1.964344E-01
   4.000001E-03    3.017518E-01    1.916966E-01
   3.400000E-03    2.813378E-01    1.856721E-01
   2.750000E-03    2.555957E-01    1.769937E-01
   2.290000E-03    2.344775E-01    1.688610E-01
   1.980000E-03    2.185404E-01    1.620641E-01
   1.680000E-03    2.015141E-01    1.541351E-01
   1.370000E-03    1.818773E-01    1.440858E-01
   1.140000E-03    1.656214E-01    1.349963E-01
