   3.200001E+02    4.481567E+01    5.970302E+01
   2.650000E+02    4.239610E+01    5.622054E+01
   2.290000E+02    3.959052E+01    5.076094E+01
   1.940000E+02    3.689988E+01    4.702343E+01
   1.590000E+02    3.356998E+01    4.272174E+01
   1.320000E+02    3.142958E+01    3.952825E+01
   1.150000E+02    3.129652E+01    3.747186E+01
   9.699999E+01    2.889428E+01    3.461688E+01
   7.900001E+01    2.558097E+01    3.104236E+01
   6.600000E+01    2.229004E+01    2.775821E+01
   5.700000E+01    2.019360E+01    2.592485E+01
   4.900000E+01    1.770265E+01    2.229596E+01
   4.000000E+01    1.634612E+01    2.071682E+01
   3.300000E+01    1.480026E+01    1.855970E+01
   2.750000E+01    1.335391E+01    1.666188E+01
   2.250000E+01    1.175850E+01    1.462414E+01
   1.880000E+01    1.090272E+01    1.379198E+01
   1.620000E+01    9.731197E+00    1.237776E+01
   1.370000E+01    9.049129E+00    1.169104E+01
   1.120000E+01    7.775067E+00    1.014568E+01
   9.400000E+00    6.799698E+00    8.852015E+00
   8.100000E+00    6.473382E+00    8.120347E+00
   6.900000E+00    5.975746E+00    7.372111E+00
   5.600000E+00    5.449471E+00    6.521542E+00
   4.700000E+00    4.917769E+00    5.836149E+00
   4.100000E+00    4.533431E+00    5.357825E+00
   3.400000E+00    4.130207E+00    4.833451E+00
   2.810000E+00    3.729385E+00    4.235193E+00
   2.340000E+00    3.411072E+00    3.815315E+00
   2.030000E+00    3.205820E+00    3.506475E+00
   1.720000E+00    3.025069E+00    3.240609E+00
   1.410000E+00    2.720100E+00    2.872861E+00
   1.170000E+00    2.517700E+00    2.638312E+00
   1.020000E+00    2.351998E+00    2.460280E+00
   8.600000E-01    2.185185E+00    2.178897E+00
   7.000000E-01    1.987549E+00    1.934950E+00
   5.900000E-01    1.858437E+00    1.775456E+00
   5.100000E-01    1.651755E+00    1.650564E+00
   4.300000E-01    1.583078E+00    1.530328E+00
   3.500000E-01    1.441580E+00    1.384539E+00
   2.930000E-01    1.277623E+00    1.209060E+00
   2.540000E-01    1.188064E+00    1.111394E+00
   2.150000E-01    1.043670E+00    1.054479E+00
   1.760000E-01    1.038938E+00    7.746404E-01
   1.460000E-01    8.127114E-01    7.697732E-01
   1.270000E-01    7.765858E-01    8.022488E-01
   1.070000E-01    6.576224E-01    6.895356E-01
   8.800000E-02    5.348804E-01    7.116838E-01
   7.300000E-02    3.176071E-01    4.302821E-01
   6.300001E-02    6.844807E-01    5.376418E-01
   5.400000E-02    6.750547E-01    4.860284E-01
   4.400000E-02    6.350870E-01    4.342216E-01
   3.700000E-02    5.844580E-01    3.870886E-01
   3.200000E-02    5.716108E-01    3.546183E-01
   2.690000E-02    5.300259E-01    3.405170E-01
   2.200000E-02    5.209717E-01    2.969998E-01
   1.830000E-02    5.095159E-01    2.747110E-01
   1.590000E-02    4.851018E-01    2.651975E-01
   1.340000E-02    4.706562E-01    2.395842E-01
   1.100000E-02    4.389523E-01    2.511325E-01
   9.199999E-03    4.272084E-01    2.234057E-01
   7.900001E-03    4.225180E-01    2.130124E-01
   6.700001E-03    3.910788E-01    2.056893E-01
   5.500000E-03    3.660473E-01    2.045452E-01
   4.600001E-03    3.565081E-01    1.999731E-01
   4.000001E-03    3.326689E-01    1.963916E-01
   3.400000E-03    3.120541E-01    1.815069E-01
   2.750000E-03    2.868227E-01    1.702452E-01
   2.290000E-03    2.731034E-01    1.499875E-01
   1.980000E-03    2.530787E-01    1.530663E-01
   1.680000E-03    2.282352E-01    1.464642E-01
   1.370000E-03    2.375861E-01    1.320524E-01
   1.140000E-03    2.102983E-01    1.311880E-01
