0.004699 4026
0.014097 7085
0.023495 4369
0.032893 4073
0.042291 3849
0.051689 4475
0.061087 4486
0.070485 4663
0.079882 3869
0.089280 3538
0.098678 4942
0.108076 5308
0.117474 4149
0.126872 4433
0.136270 4198
0.145668 3918
0.155066 5396
0.164464 5952
0.173862 3955
0.183260 4404
0.192658 4170
0.202056 3940
0.211454 3793
0.220852 3679
0.230250 3843
0.239647 5820
0.249045 4246
0.258443 5314
0.267841 5675
0.277239 7578
0.286637 4575
0.296035 5448
0.305433 5544
0.314831 4096
0.324229 4288
0.333627 4087
0.343025 6036
0.352423 5355
0.361821 11690
0.371219 4130
0.380617 3430
0.390015 3949
0.399412 3822
0.408810 4171
0.418208 5750
0.427606 3162
0.437004 3742
0.446402 4263
0.455800 4783
0.465198 3793
0.474596 3467
0.483994 3579
0.493392 4094
0.502790 4195
0.512188 4488
0.521586 3345
0.530984 3477
0.540382 3783
0.549779 4396
0.559177 4216
0.568575 3901
0.577973 5728
0.587371 3857
0.596769 4693
0.606167 4715
0.615565 2971
0.624963 3665
0.634361 4227
0.643759 2946
0.653157 4087
0.662555 4284
0.671953 4350
0.681351 4101
0.690749 4587
0.700147 3263
0.709544 4023
0.718942 3854
0.728340 3901
0.737738 4613
0.747136 4537
0.756534 3795
0.765932 4548
0.775330 4820
0.784728 4053
0.794126 5100
0.803524 4941
0.812922 4536
0.822320 3748
0.831718 4325
0.841116 4947
0.850514 3070
0.859912 3843
0.869309 5020
0.878707 4748
0.888105 3749
0.897503 4192
0.906901 4294
0.916299 7267
0.925697 5149
0.935095 4225
0.944493 4763
0.953891 3363
0.963289 4709
0.972687 4240
0.982085 5566
0.991483 6292
1.000881 9633
1.010279 5787
1.019676 6013
1.029074 3646
1.038472 5004
1.047870 5073
1.057268 3182
1.066666 7674
1.076064 4173
1.085462 4680
1.094860 6228
1.104258 6617
1.113656 4664
1.123054 5980
1.132452 8987
1.141850 3307
1.151248 4083
1.160646 5838
1.170044 4973
1.179441 3374
1.188839 4458
1.198237 10656
1.207635 5569
1.217033 30008
1.226431 5189
1.235829 4980
1.245227 19299
1.254625 23522
1.264023 5316
1.273421 4855
1.282819 5046
1.292217 12389
1.301615 4671
1.311013 7562
1.320411 10033
1.329809 6103
1.339206 139168
1.348604 71783
1.358002 2010
1.367400 148268
1.376798 10608
1.386196 50622
1.395594 1354
1.404992 1399
1.414390 8972
1.423788 6135
1.433186 3107
1.442584 3856
1.451982 5768
1.461380 5504
1.470778 2604
1.480176 4318
1.489573 2367
1.498971 2033
1.508369 3156
1.517767 3714
1.527165 1100
1.536563 1791
1.545961 6011
1.555359 2279
1.564757 1201
1.574155 6114
1.583553 3504
1.592951 7464
1.602349 8623
1.611747 9863
1.621145 3974
1.630543 3316
1.639941 3090
1.649338 7801
1.658736 6844
1.668134 6968
1.677532 8579
1.686930 5287
1.696328 10011
1.705726 3306
1.715124 3524
1.724522 6213
1.733920 5425
1.743318 4882
1.752716 7151
1.762114 6807
1.771512 8882
1.780910 7403
1.790308 9412
1.799706 7896
1.809103 8829
1.818501 11955
1.827899 8732
1.837297 4703
1.846695 11578
1.856093 7121
1.865491 10022
1.874889 12382
1.884287 8751
1.893685 9945
1.903083 14106
1.912481 6256
1.921879 11504
1.931277 15559
1.940675 13044
1.950073 20136
1.959470 21481
1.968868 29800
1.978266 19075
1.987664 17673
1.997062 32299
2.006460 13413
2.015858 14937
2.025256 13339
2.034654 21376
2.044052 16121
2.053450 11154
2.062848 3434
2.072246 8495
2.081644 15430
2.091042 9140
2.100440 3052
2.109838 8103
2.119235 3942
2.128633 3459
2.138031 1654
2.147429 4038
2.156827 1885
2.166225 192
2.175623 1406
2.185021 955
2.194419 1328
2.203817 559
2.213215 869
2.222613 522
2.232011 2532
2.241409 604
2.250807 1537
2.260205 695
2.269603 1693
2.279000 2212
2.288398 3185
2.297796 1197
2.307194 771
2.316592 2447
2.325990 1614
2.335388 4404
2.344786 1161
2.354184 2035
2.363582 1577
2.372980 4477
2.382378 964
2.391776 3668
2.401174 1764
2.410572 1440
2.419970 2051
2.429367 929
2.438765 1567
2.448163 1685
2.457561 3391
2.466959 2287
2.476357 1367
2.485755 3956
2.495153 2366
2.504551 1513
2.513949 3180
2.523347 4462
2.532745 2478
2.542143 4106
2.551541 1492
2.560939 3487
2.570337 6376
2.579735 4964
2.589132 9767
2.598530 7629
2.607928 4243
2.617326 7317
2.626724 12922
2.636122 6945
2.645520 5184
2.654918 5857
2.664316 5075
2.673714 4323
2.683112 3378
2.692510 3643
2.701908 5416
2.711306 8119
2.720704 4799
2.730102 4526
2.739500 4233
2.748897 3248
2.758295 2728
2.767693 6492
2.777091 6418
2.786489 2298
2.795887 3082
2.805285 3609
2.814683 2651
2.824081 2840
2.833479 2932
2.842877 2268
2.852275 1923
2.861673 1172
2.871071 1700
2.880469 1189
2.889867 1100
2.899264 626
2.908662 1786
2.918060 1829
2.927458 1874
2.936856 1853
2.946254 4398
2.955652 2603
2.965050 778
2.974448 2677
2.983846 781
2.993244 1490
3.002642 1138
3.012040 2839
3.021438 2059
3.030836 4590
3.040234 2308
3.049632 1575
3.059029 1627
3.068427 1746
3.077825 1879
3.087223 2792
3.096621 4240
3.106019 2147
3.115417 1058
3.124815 2863
3.134213 1765
3.143611 1729
3.153009 3286
3.162407 3712
3.171805 5833
3.181203 2812
3.190601 2949
3.199999 3838
3.209397 2140
3.218794 3366
3.228192 2193
3.237590 4426
3.246988 1622
3.256386 4766
3.265784 4076
3.275182 3788
3.284580 4191
3.293978 2994
3.303376 9645
3.312774 8797
3.322172 2673
3.331570 2499
3.340968 3397
3.350366 4025
3.359764 3540
3.369161 2358
3.378559 6186
3.387957 5917
3.397355 9198
3.406753 8255
3.416151 6082
3.425549 8329
3.434947 10659
3.444345 11190
3.453743 17589
3.463141 11737
3.472539 10954
3.481937 21013
3.491335 12939
3.500733 14825
3.510131 18901
3.519529 17214
3.528926 14047
3.538324 13547
3.547722 14754
3.557120 11220
3.566518 16168
3.575916 12522
3.585314 9575
3.594712 9997
3.604110 4207
3.613508 6182
3.622906 5792
3.632304 7457
3.641702 5582
3.651100 6222
3.660498 7288
3.669896 5018
3.679294 4328
3.688691 6148
3.698089 5345
3.707487 3295
3.716885 11941
3.726283 8044
3.735681 6990
3.745079 4589
3.754477 5279
3.763875 4627
3.773273 3645
3.782671 5003
3.792069 4555
3.801467 3643
3.810865 4200
3.820263 3333
3.829661 3820
3.839058 4681
3.848456 4168
3.857854 3963
3.867252 3771
3.876650 5161
3.886048 4210
3.895446 3899
3.904844 4987
3.914242 5095
3.923640 4429
3.933038 3960
3.942436 3805
3.951834 4458
3.961232 5067
3.970630 4006
3.980028 5794
3.989426 4545
3.998823 5494
4.008221 6065
4.017619 5387
4.027017 6187
4.036415 4608
4.045813 4563
4.055211 5149
4.064609 5411
4.074007 4407
4.083405 5932
4.092803 5276
4.102201 5029
4.111599 5994
4.120997 5057
4.130395 4714
4.139793 5098
4.149191 5344
4.158588 4450
4.167986 5190
4.177384 3404
4.186782 6215
4.196180 4759
4.205578 5597
4.214976 5696
4.224374 4145
4.233772 4496
4.243170 5802
4.252568 5516
4.261966 5871
4.271364 6360
4.280762 8021
4.290160 4504
4.299558 4286
4.308955 3340
4.318353 5066
4.327751 5427
4.337149 6721
4.346547 5062
4.355945 4345
4.365343 5223
4.374741 5460
4.384139 4204
4.393537 5170
4.402935 3313
4.412333 5588
4.421731 4004
4.431129 5682
4.440527 3703
4.449925 3854
4.459323 4938
4.468720 5748
4.478118 4268
4.487516 4723
4.496914 4393
4.506312 5860
4.515710 5006
4.525108 3933
4.534506 5878
4.543904 5813
4.553302 3839
4.562700 3769
4.572098 6728
4.581496 5037
4.590894 5179
4.600292 3839
4.609690 4665
4.619088 5218
4.628485 3883
4.637883 4133
4.647281 3983
4.656679 4611
4.666077 4967
4.675475 4182
4.684873 3742
4.694271 4647
