   3.200001E+02    2.243014E+00    2.986826E+00
   2.650000E+02    2.122162E+00    2.812805E+00
   2.290000E+02    1.982050E+00    2.540016E+00
   1.940000E+02    1.847702E+00    2.353297E+00
   1.590000E+02    1.681475E+00    2.138426E+00
   1.320000E+02    1.574657E+00    1.978940E+00
   1.150000E+02    1.568018E+00    1.876260E+00
   9.699999E+01    1.448171E+00    1.733730E+00
   7.900001E+01    1.282952E+00    1.555336E+00
   6.600000E+01    1.118979E+00    1.391508E+00
   5.700000E+01    1.014620E+00    1.300094E+00
   4.900000E+01    8.907634E-01    1.119274E+00
   4.000000E+01    8.234009E-01    1.040657E+00
   3.300000E+01    7.467391E-01    9.333573E-01
   2.750000E+01    6.751426E-01    8.390744E-01
   2.250000E+01    5.963691E-01    7.380132E-01
   1.880000E+01    5.542323E-01    6.968117E-01
   1.620000E+01    4.967298E-01    6.269147E-01
   1.370000E+01    4.633755E-01    5.930441E-01
   1.120000E+01    4.014090E-01    5.170465E-01
   9.400000E+00    3.543864E-01    4.537570E-01
   8.100000E+00    3.387649E-01    4.181508E-01
   6.900000E+00    3.150776E-01    3.819294E-01
   5.600000E+00    2.902444E-01    3.410664E-01
   4.700000E+00    2.654451E-01    3.084665E-01
   4.100000E+00    2.477498E-01    2.859470E-01
   3.400000E+00    2.294483E-01    2.615447E-01
   2.810000E+00    2.115911E-01    2.341840E-01
   2.340000E+00    1.977082E-01    2.153870E-01
   2.030000E+00    1.889265E-01    2.018376E-01
   1.720000E+00    1.813218E-01    1.904045E-01
   1.410000E+00    1.688116E-01    1.750238E-01
   1.170000E+00    1.607701E-01    1.655346E-01
   1.020000E+00    1.543688E-01    1.585322E-01
   8.600000E-01    1.481134E-01    1.478817E-01
   7.000000E-01    1.409819E-01    1.391405E-01
   5.900000E-01    1.365081E-01    1.337184E-01
   5.100000E-01    1.296948E-01    1.296569E-01
   4.300000E-01    1.275356E-01    1.259157E-01
   3.500000E-01    1.232696E-01    1.216239E-01
   2.930000E-01    1.186626E-01    1.168528E-01
   2.540000E-01    1.163131E-01    1.144028E-01
   2.150000E-01    1.127968E-01    1.130479E-01
   1.760000E-01    1.126875E-01    1.072388E-01
   1.460000E-01    1.079410E-01    1.071512E-01
   1.270000E-01    1.072740E-01    1.077451E-01
   1.070000E-01    1.052671E-01    1.057764E-01
   8.800000E-02    1.035145E-01    1.061425E-01
   7.300000E-02    1.012531E-01    1.022881E-01
   6.300001E-02    1.056943E-01    1.035502E-01
   5.400000E-02    1.055426E-01    1.029104E-01
   4.400000E-02    1.049206E-01    1.023297E-01
   3.700000E-02    1.041824E-01    1.018558E-01
   3.200000E-02    1.040041E-01    1.015598E-01
   2.690000E-02    1.034520E-01    1.014390E-01
   2.200000E-02    1.033370E-01    1.010966E-01
   1.830000E-02    1.031941E-01    1.009389E-01
   1.590000E-02    1.028995E-01    1.008753E-01
   1.340000E-02    1.027317E-01    1.007150E-01
   1.100000E-02    1.023802E-01    1.007853E-01
   9.199999E-03    1.022559E-01    1.006219E-01
   7.900001E-03    1.022072E-01    1.005656E-01
   6.700001E-03    1.018938E-01    1.005275E-01
   5.500000E-03    1.016611E-01    1.005216E-01
   4.600001E-03    1.015763E-01    1.004986E-01
   4.000001E-03    1.013739E-01    1.004810E-01
   3.400000E-03    1.012099E-01    1.004110E-01
   2.750000E-03    1.010231E-01    1.003616E-01
   2.290000E-03    1.009280E-01    1.002808E-01
   1.980000E-03    1.007974E-01    1.002924E-01
   1.680000E-03    1.006490E-01    1.002678E-01
   1.370000E-03    1.007031E-01    1.002177E-01
   1.140000E-03    1.005513E-01    1.002149E-01
