0.004699 2.448565
0.014097 2.448253
0.023495 2.450458
0.032893 2.450753
0.042291 2.452136
0.051689 2.455802
0.061087 2.454773
0.070485 2.455497
0.079882 2.460327
0.089280 2.459938
0.098678 2.460069
0.108076 2.460581
0.117474 2.464291
0.126872 2.467710
0.136270 2.469946
0.145668 2.473069
0.155066 2.477060
0.164464 2.479183
0.173862 2.480214
0.183260 2.483268
0.192658 2.487610
0.202056 2.488087
0.211454 2.492047
0.220852 2.493966
0.230250 2.496527
0.239647 2.499396
0.249045 2.498893
0.258443 2.502919
0.267841 2.506127
0.277239 2.509575
0.286637 2.510524
0.296035 2.511259
0.305433 2.513627
0.314831 2.515733
0.324229 2.518484
0.333627 2.521038
0.343025 2.521833
0.352423 2.523055
0.361821 2.525321
0.371219 2.526803
0.380617 2.528949
0.390015 2.533202
0.399412 2.534512
0.408810 2.537174
0.418208 2.538049
0.427606 2.536220
0.437004 2.538436
0.446402 2.538912
0.455800 2.541049
0.465198 2.541266
0.474596 2.541727
0.483994 2.541786
0.493392 2.542298
0.502790 2.544239
0.512188 2.547795
0.521586 2.550523
0.530984 2.552490
0.540382 2.553061
0.549779 2.553405
0.559177 2.553596
0.568575 2.552997
0.577973 2.553051
0.587371 2.553795
0.596769 2.553194
0.606167 2.553224
0.615565 2.552320
0.624963 2.552976
0.634361 2.553057
0.643759 2.552065
0.653157 2.550106
0.662555 2.548431
0.671953 2.546915
0.681351 2.547342
0.690749 2.542979
0.700147 2.544217
0.709544 2.542422
0.718942 2.544934
0.728340 2.544674
0.737738 2.545852
0.747136 2.544206
0.756534 2.542713
0.765932 2.532050
0.775330 2.534142
0.784728 2.527866
0.794126 2.528645
0.803524 2.524634
0.812922 2.518559
0.822320 2.515585
0.831718 2.509624
0.841116 2.506778
0.850514 2.499336
0.859912 2.490400
0.869309 2.474836
0.878707 2.455156
0.888105 2.445455
0.897503 2.426729
0.906901 2.405714
0.916299 2.378204
0.925697 2.354124
0.935095 2.329807
0.944493 2.298454
0.953891 2.276726
0.963289 2.247769
0.972687 2.220839
0.982085 2.194838
0.991483 2.174817
1.000881 2.157073
1.010279 2.144764
1.019676 2.130381
1.029074 2.115333
1.038472 2.088136
1.047870 2.061985
1.057268 2.037600
1.066666 2.002737
1.076064 1.958198
1.085462 1.920447
1.094860 1.885597
1.104258 1.842846
1.113656 1.792374
1.123054 1.749039
1.132452 1.698473
1.141850 1.646898
1.151248 1.592068
1.160646 1.534224
1.170044 1.483375
1.179441 1.418229
1.188839 1.359131
1.198237 1.305195
1.207635 1.241062
1.217033 1.191478
1.226431 1.116588
1.235829 1.041514
1.245227 1.005380
1.254625 0.932381
1.264023 0.869241
1.273421 0.809500
1.282819 0.771904
1.292217 0.721873
1.301615 0.654654
1.311013 0.587610
1.320411 0.545868
1.329809 0.508603
1.339206 0.467562
1.348604 0.240343
1.358002 0.221426
1.367400 0.319193
1.376798 0.319849
1.386196 0.327695
1.395594 0.335961
1.404992 0.335474
1.414390 0.333511
1.423788 0.326866
1.433186 0.324007
1.442584 0.323459
1.451982 0.319600
1.461380 0.319909
1.470778 0.320647
1.480176 0.323576
1.489573 0.323777
1.498971 0.335087
1.508369 0.345413
1.517767 0.367811
1.527165 0.394074
1.536563 0.416138
1.545961 0.444522
1.555359 0.463664
1.564757 0.492784
1.574155 0.536481
1.583553 0.583156
1.592951 0.634760
1.602349 0.672343
1.611747 0.702941
1.621145 0.729776
1.630543 0.775477
1.639941 0.807957
1.649338 0.854652
1.658736 0.887896
1.668134 0.930734
1.677532 0.964397
1.686930 1.023872
1.696328 1.067811
1.705726 1.129420
1.715124 1.174580
1.724522 1.224918
1.733920 1.279837
1.743318 1.352690
1.752716 1.430158
1.762114 1.481864
1.771512 1.516577
1.780910 1.547595
1.790308 1.564346
1.799706 1.588348
1.809103 1.611889
1.818501 1.623923
1.827899 1.651269
1.837297 1.662721
1.846695 1.659533
1.856093 1.651047
1.865491 1.634288
1.874889 1.569124
1.884287 1.492129
1.893685 1.415959
1.903083 1.338046
1.912481 1.253795
1.921879 1.157807
1.931277 1.045941
1.940675 0.944981
1.950073 0.837713
1.959470 0.776635
1.968868 0.706506
1.978266 0.646103
1.987664 0.598657
1.997062 0.555716
2.006460 0.509656
2.015858 0.480221
2.025256 0.442549
2.034654 0.406940
2.044052 0.370552
2.053450 0.341128
2.062848 0.318299
2.072246 0.308260
2.081644 0.305791
2.091042 0.304263
2.100440 0.293300
2.109838 0.287507
2.119235 0.278860
2.128633 0.275744
2.138031 0.271248
2.147429 0.269044
2.156827 0.266384
2.166225 0.256579
2.175623 0.255382
2.185021 0.254253
2.194419 0.253661
2.203817 0.257929
2.213215 0.262713
2.222613 0.265938
2.232011 0.269935
2.241409 0.276315
2.250807 0.281279
2.260205 0.283196
2.269603 0.280780
2.279000 0.276926
2.288398 0.277528
2.297796 0.278594
2.307194 0.281004
2.316592 0.280545
2.325990 0.279704
2.335388 0.277053
2.344786 0.273933
2.354184 0.272623
2.363582 0.271134
2.372980 0.273116
2.382378 0.273337
2.391776 0.274327
2.401174 0.274233
2.410572 0.276422
2.419970 0.277246
2.429367 0.278875
2.438765 0.280090
2.448163 0.280583
2.457561 0.282475
2.466959 0.283889
2.476357 0.284618
2.485755 0.285598
2.495153 0.287673
2.504551 0.291500
2.513949 0.293207
2.523347 0.294324
2.532745 0.296095
2.542143 0.298948
2.551541 0.298259
2.560939 0.301444
2.570337 0.306604
2.579735 0.310333
2.589132 0.321112
2.598530 0.325455
2.607928 0.328560
2.617326 0.330628
2.626724 0.328935
2.636122 0.332195
2.645520 0.336324
2.654918 0.340943
2.664316 0.350632
2.673714 0.355172
2.683112 0.358521
2.692510 0.366415
2.701908 0.366352
2.711306 0.364874
2.720704 0.369204
2.730102 0.372682
2.739500 0.378083
2.748897 0.382794
2.758295 0.388270
2.767693 0.394327
2.777091 0.398245
2.786489 0.402583
2.795887 0.408785
2.805285 0.405383
2.814683 0.418983
2.824081 0.422609
2.833479 0.423512
2.842877 0.417031
2.852275 0.415981
2.861673 0.419681
2.871071 0.417100
2.880469 0.411357
2.889867 0.410234
2.899264 0.408446
2.908662 0.411329
2.918060 0.409384
2.927458 0.409993
2.936856 0.410003
2.946254 0.412177
2.955652 0.418071
2.965050 0.422910
2.974448 0.421612
2.983846 0.420002
2.993244 0.422218
3.002642 0.423388
3.012040 0.428264
3.021438 0.430428
3.030836 0.436336
3.040234 0.437747
3.049632 0.441580
3.059029 0.448264
3.068427 0.451067
3.077825 0.451874
3.087223 0.452749
3.096621 0.450005
3.106019 0.447643
3.115417 0.445172
3.124815 0.444360
3.134213 0.441762
3.143611 0.438269
3.153009 0.437301
3.162407 0.430499
3.171805 0.426545
3.181203 0.424598
3.190601 0.423699
3.199999 0.420443
3.209397 0.419415
3.218794 0.413439
3.228192 0.401280
3.237590 0.400656
3.246988 0.387649
3.256386 0.381051
3.265784 0.368468
3.275182 0.357387
3.284580 0.364504
3.293978 0.371277
3.303376 0.389882
3.312774 0.413312
3.322172 0.427083
3.331570 0.430151
3.340968 0.436127
3.350366 0.446960
3.359764 0.466640
3.369161 0.475690
3.378559 0.488662
3.387957 0.512216
3.397355 0.526542
3.406753 0.550658
3.416151 0.579757
3.425549 0.614602
3.434947 0.653437
3.444345 0.703484
3.453743 0.757734
3.463141 0.819759
3.472539 0.890534
3.481937 0.972137
3.491335 1.053186
3.500733 1.135980
3.510131 1.226173
3.519529 1.327024
3.528926 1.419428
3.538324 1.515627
3.547722 1.609938
3.557120 1.680041
3.566518 1.756924
3.575916 1.818472
3.585314 1.870696
3.594712 1.921229
3.604110 1.957556
3.613508 1.982375
3.622906 2.005960
3.632304 2.017200
3.641702 2.030337
3.651100 2.034460
3.660498 2.039991
3.669896 2.042942
3.679294 2.046390
3.688691 2.049458
3.698089 2.051050
3.707487 2.054649
3.716885 2.052356
3.726283 2.052848
3.735681 2.056220
3.745079 2.058471
3.754477 2.059799
3.763875 2.060724
3.773273 2.060723
3.782671 2.059964
3.792069 2.057819
3.801467 2.054331
3.810865 2.049581
3.820263 2.046076
3.829661 2.042442
3.839058 2.038954
3.848456 2.036757
3.857854 2.031544
3.867252 2.024317
3.876650 2.019484
3.886048 2.013935
3.895446 2.010230
3.904844 2.005430
3.914242 1.995420
3.923640 1.991067
3.933038 1.982352
3.942436 1.978011
3.951834 1.969938
3.961232 1.961468
3.970630 1.953948
3.980028 1.943484
3.989426 1.936998
3.998823 1.924703
4.008221 1.913626
4.017619 1.901796
4.027017 1.888376
4.036415 1.879221
4.045813 1.864524
4.055211 1.849941
4.064609 1.836403
4.074007 1.824465
4.083405 1.812260
4.092803 1.795184
4.102201 1.780168
4.111599 1.765887
4.120997 1.753902
4.130395 1.742006
4.139793 1.726248
4.149191 1.712994
4.158588 1.695188
4.167986 1.678461
4.177384 1.666682
4.186782 1.653171
4.196180 1.638856
4.205578 1.619716
4.214976 1.605256
4.224374 1.588591
4.233772 1.572759
4.243170 1.556128
4.252568 1.537352
4.261966 1.522571
4.271364 1.506879
4.280762 1.496272
4.290160 1.479471
4.299558 1.468851
4.308955 1.454376
4.318353 1.443097
4.327751 1.431660
4.337149 1.418613
4.346547 1.408070
4.355945 1.396160
4.365343 1.385365
4.374741 1.372183
4.384139 1.359905
4.393537 1.356031
4.402935 1.345656
4.412333 1.334065
4.421731 1.330056
4.431129 1.324020
4.440527 1.321730
4.449925 1.313956
4.459323 1.307249
4.468720 1.301038
4.478118 1.300281
4.487516 1.296065
4.496914 1.292206
4.506312 1.288273
4.515710 1.286261
4.525108 1.283829
4.534506 1.279639
4.543904 1.276233
4.553302 1.272737
4.562700 1.270799
4.572098 1.268073
4.581496 1.264818
4.590894 1.258451
4.600292 1.255923
4.609690 1.250732
4.619088 1.247615
4.628485 1.246045
4.637883 1.243913
4.647281 1.242383
4.656679 1.238154
4.666077 1.234370
4.675475 1.231181
4.684873 1.228805
4.694271 1.225025
