0.004699 3.837500
0.014097 3.837500
0.023495 3.837500
0.032893 3.837500
0.042291 3.837500
0.051689 3.837500
0.061087 3.837500
0.070485 3.837500
0.079882 3.837500
0.089280 3.837500
0.098678 3.837500
0.108076 3.837500
0.117474 3.850000
0.126872 3.850000
0.136270 3.850000
0.145668 3.850000
0.155066 3.850000
0.164464 3.850000
0.173862 3.850000
0.183260 3.850000
0.192658 3.850000
0.202056 3.850000
0.211454 3.850000
0.220852 3.850000
0.230250 3.850000
0.239647 3.850000
0.249045 3.850000
0.258443 3.850000
0.267841 3.850000
0.277239 3.850000
0.286637 3.850000
0.296035 3.850000
0.305433 3.850000
0.314831 3.850000
0.324229 3.850000
0.333627 3.850000
0.343025 3.850000
0.352423 3.850000
0.361821 3.850000
0.371219 3.850000
0.380617 3.850000
0.390015 3.850000
0.399412 3.850000
0.408810 3.850000
0.418208 3.850000
0.427606 3.850000
0.437004 3.850000
0.446402 3.850000
0.455800 3.850000
0.465198 3.850000
0.474596 3.850000
0.483994 3.850000
0.493392 3.850000
0.502790 3.850000
0.512188 3.850000
0.521586 3.862500
0.530984 3.850000
0.540382 3.850000
0.549779 3.850000
0.559177 3.850000
0.568575 3.850000
0.577973 3.850000
0.587371 3.862500
0.596769 3.850000
0.606167 3.850000
0.615565 3.862500
0.624963 3.862500
0.634361 3.862500
0.643759 3.862500
0.653157 3.850000
0.662555 3.862500
0.671953 3.862500
0.681351 3.862500
0.690749 3.862500
0.700147 3.862500
0.709544 3.862500
0.718942 3.862500
0.728340 3.862500
0.737738 3.862500
0.747136 3.862500
0.756534 3.862500
0.765932 3.862500
0.775330 3.862500
0.784728 3.862500
0.794126 3.862500
0.803524 3.862500
0.812922 3.862500
0.822320 3.862500
0.831718 3.862500
0.841116 3.862500
0.850514 3.862500
0.859912 3.850000
0.869309 3.850000
0.878707 3.850000
0.888105 3.850000
0.897503 3.850000
0.906901 3.850000
0.916299 3.837500
0.925697 3.837500
0.935095 3.837500
0.944493 3.837500
0.953891 3.837500
0.963289 3.837500
0.972687 3.837500
0.982085 3.825000
0.991483 3.825000
1.000881 3.825000
1.010279 3.825000
1.019676 3.825000
1.029074 3.825000
1.038472 3.825000
1.047870 3.812500
1.057268 3.812500
1.066666 3.812500
1.076064 3.800000
1.085462 3.800000
1.094860 3.800000
1.104258 3.787500
1.113656 3.775000
1.123054 3.775000
1.132452 3.762500
1.141850 3.762500
1.151248 3.750000
1.160646 3.737500
1.170044 3.725000
1.179441 3.700000
1.188839 3.687500
1.198237 3.675000
1.207635 3.637500
1.217033 3.625000
1.226431 3.587500
1.235829 3.537500
1.245227 3.512500
1.254625 3.450000
1.264023 3.362500
1.273421 3.287500
1.282819 3.225000
1.292217 3.162500
1.301615 3.012500
1.311013 2.825000
1.320411 2.650000
1.329809 2.425000
1.339206 2.112500
1.348604 0.487500
1.358002 0.475000
1.367400 0.512500
1.376798 0.512500
1.386196 0.512500
1.395594 0.525000
1.404992 0.525000
1.414390 0.525000
1.423788 0.512500
1.433186 0.512500
1.442584 0.512500
1.451982 0.512500
1.461380 0.512500
1.470778 0.512500
1.480176 0.525000
1.489573 0.537500
1.498971 0.550000
1.508369 0.575000
1.517767 0.675000
1.527165 0.762500
1.536563 0.837500
1.545961 1.000000
1.555359 1.287500
1.564757 1.575000
1.574155 1.850000
1.583553 2.225000
1.592951 2.537500
1.602349 2.737500
1.611747 2.837500
1.621145 2.900000
1.630543 3.025000
1.639941 3.100000
1.649338 3.175000
1.658736 3.225000
1.668134 3.287500
1.677532 3.325000
1.686930 3.387500
1.696328 3.425000
1.705726 3.487500
1.715124 3.525000
1.724522 3.562500
1.733920 3.587500
1.743318 3.625000
1.752716 3.650000
1.762114 3.675000
1.771512 3.687500
1.780910 3.687500
1.790308 3.687500
1.799706 3.700000
1.809103 3.712500
1.818501 3.712500
1.827899 3.712500
1.837297 3.725000
1.846695 3.712500
1.856093 3.725000
1.865491 3.712500
1.874889 3.687500
1.884287 3.662500
1.893685 3.650000
1.903083 3.625000
1.912481 3.575000
1.921879 3.537500
1.931277 3.475000
1.940675 3.387500
1.950073 3.225000
1.959470 3.125000
1.968868 3.012500
1.978266 2.850000
1.987664 2.625000
1.997062 2.387500
2.006460 2.037500
2.015858 1.737500
2.025256 1.250000
2.034654 0.862500
2.044052 0.625000
2.053450 0.537500
2.062848 0.500000
2.072246 0.487500
2.081644 0.475000
2.091042 0.475000
2.100440 0.475000
2.109838 0.475000
2.119235 0.462500
2.128633 0.462500
2.138031 0.462500
2.147429 0.462500
2.156827 0.450000
2.166225 0.325000
2.175623 0.312500
2.185021 0.312500
2.194419 0.312500
2.203817 0.312500
2.213215 0.312500
2.222613 0.312500
2.232011 0.312500
2.241409 0.312500
2.250807 0.312500
2.260205 0.312500
2.269603 0.312500
2.279000 0.312500
2.288398 0.312500
2.297796 0.325000
2.307194 0.325000
2.316592 0.325000
2.325990 0.325000
2.335388 0.325000
2.344786 0.337500
2.354184 0.337500
2.363582 0.337500
2.372980 0.337500
2.382378 0.337500
2.391776 0.337500
2.401174 0.337500
2.410572 0.337500
2.419970 0.337500
2.429367 0.337500
2.438765 0.337500
2.448163 0.350000
2.457561 0.350000
2.466959 0.350000
2.476357 0.350000
2.485755 0.350000
2.495153 0.350000
2.504551 0.350000
2.513949 0.362500
2.523347 0.362500
2.532745 0.362500
2.542143 0.362500
2.551541 0.362500
2.560939 0.362500
2.570337 0.375000
2.579735 0.375000
2.589132 0.375000
2.598530 0.375000
2.607928 0.375000
2.617326 0.387500
2.626724 0.387500
2.636122 0.387500
2.645520 0.387500
2.654918 0.387500
2.664316 0.400000
2.673714 0.400000
2.683112 0.400000
2.692510 0.400000
2.701908 0.400000
2.711306 0.400000
2.720704 0.412500
2.730102 0.412500
2.739500 0.412500
2.748897 0.412500
2.758295 0.425000
2.767693 0.425000
2.777091 0.425000
2.786489 0.425000
2.795887 0.437500
2.805285 0.437500
2.814683 0.462500
2.824081 0.462500
2.833479 0.462500
2.842877 0.462500
2.852275 0.462500
2.861673 0.462500
2.871071 0.462500
2.880469 0.450000
2.889867 0.450000
2.899264 0.450000
2.908662 0.450000
2.918060 0.450000
2.927458 0.450000
2.936856 0.450000
2.946254 0.462500
2.955652 0.462500
2.965050 0.475000
2.974448 0.475000
2.983846 0.462500
2.993244 0.475000
3.002642 0.475000
3.012040 0.487500
3.021438 0.487500
3.030836 0.512500
3.040234 0.512500
3.049632 0.537500
3.059029 0.575000
3.068427 0.587500
3.077825 0.587500
3.087223 0.587500
3.096621 0.562500
3.106019 0.550000
3.115417 0.537500
3.124815 0.525000
3.134213 0.512500
3.143611 0.487500
3.153009 0.487500
3.162407 0.487500
3.171805 0.487500
3.181203 0.487500
3.190601 0.487500
3.199999 0.475000
3.209397 0.475000
3.218794 0.475000
3.228192 0.462500
3.237590 0.462500
3.246988 0.462500
3.256386 0.462500
3.265784 0.462500
3.275182 0.450000
3.284580 0.462500
3.293978 0.475000
3.303376 0.525000
3.312774 0.612500
3.322172 0.687500
3.331570 0.737500
3.340968 0.887500
3.350366 1.012500
3.359764 1.150000
3.369161 1.200000
3.378559 1.262500
3.387957 1.375000
3.397355 1.437500
3.406753 1.600000
3.416151 1.837500
3.425549 2.050000
3.434947 2.287500
3.444345 2.525000
3.453743 2.725000
3.463141 2.887500
3.472539 3.037500
3.481937 3.150000
3.491335 3.262500
3.500733 3.325000
3.510131 3.412500
3.519529 3.500000
3.528926 3.550000
3.538324 3.587500
3.547722 3.625000
3.557120 3.662500
3.566518 3.687500
3.575916 3.700000
3.585314 3.712500
3.594712 3.725000
3.604110 3.737500
3.613508 3.737500
3.622906 3.750000
3.632304 3.750000
3.641702 3.750000
3.651100 3.750000
3.660498 3.750000
3.669896 3.750000
3.679294 3.750000
3.688691 3.750000
3.698089 3.750000
3.707487 3.750000
3.716885 3.750000
3.726283 3.750000
3.735681 3.750000
3.745079 3.750000
3.754477 3.737500
3.763875 3.737500
3.773273 3.737500
3.782671 3.750000
3.792069 3.737500
3.801467 3.737500
3.810865 3.737500
3.820263 3.737500
3.829661 3.737500
3.839058 3.737500
3.848456 3.737500
3.857854 3.725000
3.867252 3.725000
3.876650 3.725000
3.886048 3.725000
3.895446 3.725000
3.904844 3.725000
3.914242 3.712500
3.923640 3.712500
3.933038 3.712500
3.942436 3.712500
3.951834 3.700000
3.961232 3.700000
3.970630 3.700000
3.980028 3.687500
3.989426 3.687500
3.998823 3.687500
4.008221 3.675000
4.017619 3.675000
4.027017 3.662500
4.036415 3.662500
4.045813 3.662500
4.055211 3.650000
4.064609 3.637500
4.074007 3.637500
4.083405 3.625000
4.092803 3.612500
4.102201 3.612500
4.111599 3.600000
4.120997 3.587500
4.130395 3.587500
4.139793 3.575000
4.149191 3.562500
4.158588 3.550000
4.167986 3.525000
4.177384 3.512500
4.186782 3.512500
4.196180 3.487500
4.205578 3.475000
4.214976 3.462500
4.224374 3.437500
4.233772 3.425000
4.243170 3.400000
4.252568 3.375000
4.261966 3.362500
4.271364 3.337500
4.280762 3.325000
4.290160 3.300000
4.299558 3.287500
4.308955 3.262500
4.318353 3.237500
4.327751 3.212500
4.337149 3.187500
4.346547 3.150000
4.355945 3.125000
4.365343 3.100000
4.374741 3.062500
4.384139 3.012500
4.393537 3.025000
4.402935 2.975000
4.412333 2.925000
4.421731 2.912500
4.431129 2.887500
4.440527 2.887500
4.449925 2.850000
4.459323 2.825000
4.468720 2.812500
4.478118 2.800000
4.487516 2.787500
4.496914 2.775000
4.506312 2.775000
4.515710 2.787500
4.525108 2.812500
4.534506 2.800000
4.543904 2.787500
4.553302 2.787500
4.562700 2.800000
4.572098 2.825000
4.581496 2.825000
4.590894 2.800000
4.600292 2.800000
4.609690 2.787500
4.619088 2.775000
4.628485 2.787500
4.637883 2.812500
4.647281 2.825000
4.656679 2.837500
4.666077 2.825000
4.675475 2.825000
4.684873 2.825000
4.694271 2.825000
