-0.993750
-0.981250
-0.968750
-0.956250
-0.943750
-0.931250
-0.918750
-0.906250
-0.893750
-0.881250
-0.868750
-0.856250
-0.843750
-0.831250
-0.818750
-0.806250
-0.793750
-0.781250
-0.768750
-0.756250
-0.743750
-0.731250
-0.718750
-0.706250
-0.693750
-0.681250
-0.668750
-0.656250
-0.643750
-0.631250
-0.618750
-0.606250
-0.593750
-0.581250
-0.568750
-0.556250
-0.543750
-0.531250
-0.518750
-0.506250
-0.493750
-0.481250
-0.468750
-0.456250
-0.443750
-0.431250
-0.418750
-0.406250
-0.393750
-0.381250
-0.368750
-0.356250
-0.343750
-0.331250
-0.318750
-0.306250
-0.293750
-0.281250
-0.268750
-0.256250
-0.243750
-0.231250
-0.218750
-0.206250
-0.193750
-0.181250
-0.168750
-0.156250
-0.143750
-0.131250
-0.118750
-0.106250
-0.093750
-0.081250
-0.068750
-0.056250
-0.043750
-0.031250
-0.018750
-0.006250
0.006250
0.018750
0.031250
0.043750
0.056250
0.068750
0.081250
0.093750
0.106250
0.118750
0.131250
0.143750
0.156250
0.168750
0.181250
0.193750
0.206250
0.218750
0.231250
0.243750
0.256250
0.268750
0.281250
0.293750
0.306250
0.318750
0.331250
0.343750
0.356250
0.368750
0.381250
0.393750
0.406250
0.418750
0.431250
0.443750
0.456250
0.468750
0.481250
0.493750
0.506250
0.518750
0.531250
0.543750
0.556250
0.568750
0.581250
0.593750
0.606250
0.618750
0.631250
0.643750
0.656250
0.668750
0.681250
0.693750
0.706250
0.718750
0.731250
0.743750
0.756250
0.768750
0.781250
0.793750
0.806250
0.818750
0.831250
0.843750
0.856250
0.868750
0.881250
0.893750
0.906250
0.918750
0.931250
0.943750
0.956250
0.968750
0.981250
0.993750
1.006250
1.018750
1.031250
1.043750
1.056250
1.068750
1.081250
1.093750
1.106250
1.118750
1.131250
1.143750
1.156250
1.168750
1.181250
1.193750
1.206250
1.218750
1.231250
1.243750
1.256250
1.268750
1.281250
1.293750
1.306250
1.318750
1.331250
1.343750
1.356250
1.368750
1.381250
1.393750
1.406250
1.418750
1.431250
1.443750
1.456250
1.468750
1.481250
1.493750
1.506250
1.518750
1.531250
1.543750
1.556250
1.568750
1.581250
1.593750
1.606250
1.618750
1.631250
1.643750
1.656250
1.668750
1.681250
1.693750
1.706250
1.718750
1.731250
1.743750
1.756250
1.768750
1.781250
1.793750
1.806250
1.818750
1.831250
1.843750
1.856250
1.868750
1.881250
1.893750
1.906250
1.918750
1.931250
1.943750
1.956250
1.968750
1.981250
1.993750
2.006250
2.018750
2.031250
2.043750
2.056250
2.068750
2.081250
2.093750
2.106250
2.118750
2.131250
2.143750
2.156250
2.168750
2.181250
2.193750
2.206250
2.218750
2.231250
2.243750
2.256250
2.268750
2.281250
2.293750
2.306250
2.318750
2.331250
2.343750
2.356250
2.368750
2.381250
2.393750
2.406250
2.418750
2.431250
2.443750
2.456250
2.468750
2.481250
2.493750
2.506250
2.518750
2.531250
2.543750
2.556250
2.568750
2.581250
2.593750
2.606250
2.618750
2.631250
2.643750
2.656250
2.668750
2.681250
2.693750
2.706250
2.718750
2.731250
2.743750
2.756250
2.768750
2.781250
2.793750
2.806250
2.818750
2.831250
2.843750
2.856250
2.868750
2.881250
2.893750
2.906250
2.918750
2.931250
2.943750
2.956250
2.968750
2.981250
2.993750
3.006250
3.018750
3.031250
3.043750
3.056250
3.068750
3.081250
3.093750
3.106250
3.118750
3.131250
3.143750
3.156250
3.168750
3.181250
3.193750
3.206250
3.218750
3.231250
3.243750
3.256250
3.268750
3.281250
3.293750
3.306250
3.318750
3.331250
3.343750
3.356250
3.368750
3.381250
3.393750
3.406250
3.418750
3.431250
3.443750
3.456250
3.468750
3.481250
3.493750
3.506250
3.518750
3.531250
3.543750
3.556250
3.568750
3.581250
3.593750
3.606250
3.618750
3.631250
3.643750
3.656250
3.668750
3.681250
3.693750
3.706250
3.718750
3.731250
3.743750
3.756250
3.768750
3.781250
3.793750
3.806250
3.818750
3.831250
3.843750
3.856250
3.868750
3.881250
3.893750
3.906250
3.918750
3.931250
3.943750
3.956250
3.968750
3.981250
3.993750
