0.004699 3.887500
0.014097 3.887500
0.023495 3.887500
0.032893 3.887500
0.042291 3.887500
0.051689 3.887500
0.061087 3.887500
0.070485 3.887500
0.079882 3.887500
0.089280 3.887500
0.098678 3.887500
0.108076 3.887500
0.117474 3.887500
0.126872 3.887500
0.136270 2.962500
0.145668 3.887500
0.155066 3.887500
0.164464 3.650000
0.173862 3.650000
0.183260 3.650000
0.192658 3.650000
0.202056 3.650000
0.211454 3.650000
0.220852 3.650000
0.230250 3.887500
0.239647 3.887500
0.249045 3.887500
0.258443 3.650000
0.267841 3.650000
0.277239 3.887500
0.286637 3.650000
0.296035 3.650000
0.305433 3.650000
0.314831 3.650000
0.324229 3.650000
0.333627 3.650000
0.343025 3.650000
0.352423 3.650000
0.361821 3.650000
0.371219 3.650000
0.380617 3.650000
0.390015 3.650000
0.399412 3.650000
0.408810 3.650000
0.418208 3.887500
0.427606 3.887500
0.437004 3.887500
0.446402 3.887500
0.455800 3.887500
0.465198 3.887500
0.474596 3.887500
0.483994 3.887500
0.493392 3.887500
0.502790 2.987500
0.512188 3.887500
0.521586 3.887500
0.530984 2.600000
0.540382 2.987500
0.549779 2.987500
0.559177 2.600000
0.568575 2.600000
0.577973 2.600000
0.587371 2.600000
0.596769 2.600000
0.606167 2.600000
0.615565 3.887500
0.624963 3.887500
0.634361 3.887500
0.643759 3.887500
0.653157 3.887500
0.662555 3.887500
0.671953 3.887500
0.681351 3.887500
0.690749 3.887500
0.700147 2.600000
0.709544 2.600000
0.718942 2.600000
0.728340 2.600000
0.737738 2.600000
0.747136 2.600000
0.756534 2.600000
0.765932 2.600000
0.775330 2.600000
0.784728 2.600000
0.794126 2.600000
0.803524 2.600000
0.812922 2.600000
0.822320 2.600000
0.831718 2.350000
0.841116 2.350000
0.850514 0.487500
0.859912 0.487500
0.869309 0.487500
0.878707 0.487500
0.888105 0.475000
0.897503 0.475000
0.906901 0.475000
0.916299 0.475000
0.925697 0.475000
0.935095 0.475000
0.944493 0.475000
0.953891 0.475000
0.963289 0.475000
0.972687 0.475000
0.982085 0.462500
0.991483 0.462500
1.000881 0.462500
1.010279 0.462500
1.019676 0.462500
1.029074 0.462500
1.038472 0.462500
1.047870 0.462500
1.057268 0.462500
1.066666 0.462500
1.076064 0.462500
1.085462 0.462500
1.094860 0.462500
1.104258 0.462500
1.113656 0.462500
1.123054 0.462500
1.132452 0.462500
1.141850 0.462500
1.151248 0.462500
1.160646 0.462500
1.170044 0.462500
1.179441 0.462500
1.188839 0.462500
1.198237 0.462500
1.207635 0.462500
1.217033 0.462500
1.226431 0.462500
1.235829 0.462500
1.245227 0.462500
1.254625 0.462500
1.264023 0.462500
1.273421 0.462500
1.282819 0.462500
1.292217 0.462500
1.301615 0.462500
1.311013 0.462500
1.320411 0.462500
1.329809 0.462500
1.339206 0.462500
1.348604 0.462500
1.358002 0.462500
1.367400 0.462500
1.376798 0.462500
1.386196 0.462500
1.395594 0.462500
1.404992 0.462500
1.414390 0.462500
1.423788 0.462500
1.433186 0.462500
1.442584 0.462500
1.451982 0.462500
1.461380 0.462500
1.470778 0.462500
1.480176 0.462500
1.489573 0.462500
1.498971 0.462500
1.508369 0.462500
1.517767 0.462500
1.527165 0.462500
1.536563 0.462500
1.545961 0.462500
1.555359 0.462500
1.564757 0.462500
1.574155 0.462500
1.583553 0.462500
1.592951 0.462500
1.602349 0.462500
1.611747 0.462500
1.621145 0.462500
1.630543 0.462500
1.639941 0.462500
1.649338 0.462500
1.658736 0.462500
1.668134 0.462500
1.677532 0.462500
1.686930 0.462500
1.696328 0.462500
1.705726 0.462500
1.715124 0.462500
1.724522 0.462500
1.733920 0.462500
1.743318 0.462500
1.752716 0.462500
1.762114 0.462500
1.771512 0.462500
1.780910 0.462500
1.790308 0.462500
1.799706 0.462500
1.809103 0.462500
1.818501 0.462500
1.827899 0.462500
1.837297 0.462500
1.846695 0.462500
1.856093 0.462500
1.865491 0.462500
1.874889 0.462500
1.884287 0.462500
1.893685 0.462500
1.903083 0.275000
1.912481 0.275000
1.921879 0.275000
1.931277 0.275000
1.940675 0.275000
1.950073 0.275000
1.959470 0.275000
1.968868 0.275000
1.978266 0.275000
1.987664 0.275000
1.997062 0.275000
2.006460 0.275000
2.015858 0.275000
2.025256 0.275000
2.034654 0.262500
2.044052 0.262500
2.053450 0.262500
2.062848 0.262500
2.072246 0.262500
2.081644 0.262500
2.091042 0.262500
2.100440 0.262500
2.109838 0.262500
2.119235 0.262500
2.128633 0.262500
2.138031 0.262500
2.147429 0.262500
2.156827 0.262500
2.166225 0.262500
2.175623 0.262500
2.185021 0.262500
2.194419 0.262500
2.203817 0.262500
2.213215 0.262500
2.222613 0.262500
2.232011 0.262500
2.241409 0.262500
2.250807 0.262500
2.260205 0.262500
2.269603 0.262500
2.279000 0.262500
2.288398 0.262500
2.297796 0.262500
2.307194 0.262500
2.316592 0.262500
2.325990 0.262500
2.335388 0.262500
2.344786 0.262500
2.354184 0.262500
2.363582 0.262500
2.372980 0.262500
2.382378 0.262500
2.391776 0.262500
2.401174 0.262500
2.410572 0.262500
2.419970 0.262500
2.429367 0.262500
2.438765 0.262500
2.448163 0.262500
2.457561 0.262500
2.466959 0.262500
2.476357 0.262500
2.485755 0.262500
2.495153 0.262500
2.504551 0.262500
2.513949 0.262500
2.523347 0.262500
2.532745 0.262500
2.542143 0.262500
2.551541 0.275000
2.560939 0.275000
2.570337 0.275000
2.579735 0.275000
2.589132 0.275000
2.598530 0.275000
2.607928 0.275000
2.617326 0.275000
2.626724 0.275000
2.636122 0.275000
2.645520 0.275000
2.654918 0.275000
2.664316 0.275000
2.673714 0.275000
2.683112 0.275000
2.692510 0.275000
2.701908 0.275000
2.711306 0.275000
2.720704 0.275000
2.730102 0.275000
2.739500 0.275000
2.748897 0.350000
2.758295 0.350000
2.767693 0.350000
2.777091 0.350000
2.786489 0.350000
2.795887 0.350000
2.805285 0.350000
2.814683 0.350000
2.824081 0.350000
2.833479 0.350000
2.842877 0.350000
2.852275 0.350000
2.861673 0.350000
2.871071 0.350000
2.880469 0.350000
2.889867 0.350000
2.899264 0.350000
2.908662 0.350000
2.918060 0.350000
2.927458 0.350000
2.936856 0.350000
2.946254 0.350000
2.955652 0.350000
2.965050 0.350000
2.974448 0.350000
2.983846 0.350000
2.993244 0.350000
3.002642 0.350000
3.012040 0.350000
3.021438 0.350000
3.030836 0.350000
3.040234 0.350000
3.049632 0.350000
3.059029 0.350000
3.068427 0.350000
3.077825 0.350000
3.087223 0.350000
3.096621 0.350000
3.106019 0.350000
3.115417 0.350000
3.124815 0.350000
3.134213 0.350000
3.143611 0.350000
3.153009 0.350000
3.162407 0.350000
3.171805 0.350000
3.181203 0.350000
3.190601 0.350000
3.199999 0.350000
3.209397 0.350000
3.218794 0.350000
3.228192 0.350000
3.237590 0.350000
3.246988 0.350000
3.256386 0.350000
3.265784 0.350000
3.275182 0.350000
3.284580 0.350000
3.293978 0.350000
3.303376 0.350000
3.312774 0.350000
3.322172 0.350000
3.331570 0.350000
3.340968 0.350000
3.350366 0.350000
3.359764 0.350000
3.369161 0.350000
3.378559 0.350000
3.387957 0.350000
3.397355 0.350000
3.406753 0.350000
3.416151 0.350000
3.425549 0.362500
3.434947 0.362500
3.444345 0.362500
3.453743 0.362500
3.463141 0.362500
3.472539 0.362500
3.481937 0.375000
3.491335 0.375000
3.500733 0.375000
3.510131 0.375000
3.519529 0.375000
3.528926 0.375000
3.538324 0.375000
3.547722 0.375000
3.557120 0.387500
3.566518 0.387500
3.575916 0.387500
3.585314 1.325000
3.594712 1.325000
3.604110 1.325000
3.613508 1.325000
3.622906 1.325000
3.632304 1.325000
3.641702 1.325000
3.651100 1.325000
3.660498 1.325000
3.669896 1.325000
3.679294 1.325000
3.688691 1.325000
3.698089 1.325000
3.707487 1.325000
3.716885 1.325000
3.726283 1.325000
3.735681 1.325000
3.745079 1.325000
3.754477 1.325000
3.763875 1.325000
3.773273 1.325000
3.782671 1.325000
3.792069 1.325000
3.801467 1.325000
3.810865 1.325000
3.820263 1.325000
3.829661 1.325000
3.839058 1.325000
3.848456 1.325000
3.857854 1.325000
3.867252 1.275000
3.876650 1.275000
3.886048 1.275000
3.895446 1.275000
3.904844 1.275000
3.914242 1.325000
3.923640 1.275000
3.933038 1.275000
3.942436 1.275000
3.951834 1.275000
3.961232 1.275000
3.970630 1.275000
3.980028 1.275000
3.989426 1.275000
3.998823 1.275000
4.008221 1.275000
4.017619 1.275000
4.027017 1.275000
4.036415 1.275000
4.045813 1.275000
4.055211 1.275000
4.064609 1.275000
4.074007 1.275000
4.083405 1.275000
4.092803 1.275000
4.102201 1.275000
4.111599 1.275000
4.120997 1.275000
4.130395 1.275000
4.139793 1.275000
4.149191 1.275000
4.158588 1.275000
4.167986 1.275000
4.177384 1.275000
4.186782 1.275000
4.196180 1.275000
4.205578 1.275000
4.214976 1.275000
4.224374 1.275000
4.233772 1.225000
4.243170 1.225000
4.252568 1.225000
4.261966 1.225000
4.271364 1.225000
4.280762 1.225000
4.290160 1.225000
4.299558 1.225000
4.308955 1.225000
4.318353 1.225000
4.327751 1.225000
4.337149 1.225000
4.346547 1.225000
4.355945 1.225000
4.365343 1.225000
4.374741 1.225000
4.384139 1.225000
4.393537 1.225000
4.402935 1.225000
4.412333 1.225000
4.421731 1.225000
4.431129 1.225000
4.440527 1.225000
4.449925 1.225000
4.459323 1.225000
4.468720 1.225000
4.478118 1.225000
4.487516 1.225000
4.496914 1.225000
4.506312 1.225000
4.515710 1.225000
4.525108 1.225000
4.534506 1.225000
4.543904 1.225000
4.553302 1.225000
4.562700 1.225000
4.572098 1.225000
4.581496 1.225000
4.590894 1.225000
4.600292 1.225000
4.609690 1.225000
4.619088 1.225000
4.628485 1.225000
4.637883 1.225000
4.647281 1.275000
4.656679 1.275000
4.666077 1.275000
4.675475 1.275000
4.684873 1.275000
4.694271 1.275000
