# MIMDAS data for Block1
# Date 05/05/2021, 15:29:25
  1.024000e+01       -290.2         794.3           5.0           B1F00T00R00      -1290.2         394.3           5.0   -8.909453e-03   3.032538e-04   4.457306e-04
  1.024000e+01       -290.2         794.3           5.0           B1F00T00R01      -1190.2         394.3           5.0   -1.812411e-02   6.241158e-04   9.067425e-04
  1.024000e+01       -290.2         794.3           5.0           B1F00T00R02      -1090.2         394.3           5.0   -2.159210e-02   7.893664e-04   1.080326e-03
  1.024000e+01       -290.2         794.3           5.0           B1F00T00R03       -990.2         394.3           5.0   -3.792040e-02   1.310872e-03   1.897153e-03
  1.024000e+01       -290.2         794.3           5.0           B1F00T00R04       -890.2         394.3           5.0   -1.435088e-02   4.250911e-04   7.178588e-04
  1.024000e+01       -290.2         794.3           5.0           B1F00T00R05       -790.2         394.3           5.0   -1.015870e-02   3.017660e-04   5.081589e-04
  1.024000e+01       -290.2         794.3           5.0           B1F00T00R06       -690.2         394.3           5.0   -1.715676e-02   7.138046e-04   8.585802e-04
  1.024000e+01       -290.2         794.3           5.0           B1F00T00R07       -590.2         394.3           5.0   -7.934496e-03   3.306751e-04   3.970692e-04
  1.024000e+01       -290.2         794.3           5.0           B1F00T00R08       -490.2         394.3           5.0   -7.914970e-03   3.446499e-04   3.961235e-04
  1.024000e+01       -290.2         794.3           5.0           B1F00T00R09       -390.2         394.3           5.0   -5.225395e-03   1.273213e-04   2.613473e-04
  1.024000e+01       -290.2         794.3           5.0           B1F00T00R10       -190.2         394.3           5.0    2.619527e-03  -7.158315e-05   1.310252e-04
  1.024000e+01       -290.2         794.3           5.0           B1F00T00R11          9.8         394.3           5.0    7.360105e-04  -4.933192e-05   3.688309e-05
  1.024000e+01       -290.2         794.3           5.0           B1F00T00R12        109.8         394.3           5.0    2.472516e-03  -1.257775e-04   1.237857e-04
  1.024000e+01       -290.2         794.3           5.0           B1F00T00R13        159.8         494.3           5.0   -8.659907e-03   3.956448e-04   4.334470e-04
  1.024000e+01       -290.2         794.3           5.0           B1F00T00R14      -1340.2         694.3           5.0   -2.425262e-03   3.577085e-05   1.212763e-04
  1.024000e+01       -290.2         794.3           5.0           B1F00T00R15      -1290.2         594.3           5.0    4.341429e-03  -1.405606e-04   2.171852e-04
  1.024000e+01       -290.2         794.3           5.0           B1F00T00R16      -1190.2         594.3           5.0    8.911759e-03  -3.068876e-04   4.458521e-04
  1.024000e+01       -290.2         794.3           5.0           B1F00T00R17      -1090.2         594.3           5.0    2.724700e-02  -9.928046e-04   1.363254e-03
  1.024000e+01       -290.2         794.3           5.0           B1F00T00R18       -990.2         594.3           5.0    3.381833e-02  -1.181321e-03   1.691948e-03
  1.024000e+01       -290.2         794.3           5.0           B1F00T00R19       -890.2         594.3           5.0    2.119431e-02  -7.257481e-04   1.060337e-03
  1.024000e+01       -290.2         794.3           5.0           B1F00T00R20       -790.2         594.3           5.0    1.119255e-02  -3.230051e-04   5.598605e-04
  1.024000e+01       -290.2         794.3           5.0           B1F00T00R21       -690.2         594.3           5.0    1.352309e-02  -5.986370e-04   6.768168e-04
  1.024000e+01       -290.2         794.3           5.0           B1F00T00R22       -590.2         594.3           5.0    8.342027e-03  -3.504909e-04   4.174693e-04
  1.024000e+01       -290.2         794.3           5.0           B1F00T00R23       -490.2         594.3           5.0    9.564075e-03  -3.402534e-04   4.785063e-04
  1.024000e+01       -290.2         794.3           5.0           B1F00T00R24        -90.2         594.3           5.0   -3.138615e-03   8.111372e-05   1.569831e-04
  1.024000e+01       -290.2         794.3           5.0           B1F00T00R25          9.8         594.3           5.0   -4.107223e-03   1.450820e-04   2.054893e-04
  1.024000e+01       -290.2         794.3           5.0           B1F00T00R26        109.8         594.3           5.0   -9.779001e-03   4.333722e-04   4.894299e-04
  1.024000e+01       -290.2         794.3           5.0           B1F00T00R27      -1190.2         794.3           5.0   -4.301877e-03   1.227687e-04   2.151814e-04
  1.024000e+01       -290.2         794.3           5.0           B1F00T00R28      -1090.2         794.3           5.0   -3.120241e-02   1.067258e-03   1.561033e-03
  1.024000e+01       -290.2         794.3           5.0           B1F00T00R29       -990.2         794.3           5.0   -2.878881e-02   9.320538e-04   1.440195e-03
  1.024000e+01       -290.2         794.3           5.0           B1F00T00R30       -890.2         794.3           5.0   -2.554368e-02   8.429817e-04   1.277879e-03
  1.024000e+01       -290.2         794.3           5.0           B1F00T00R31       -790.2         794.3           5.0   -1.669908e-02   7.147237e-04   8.357183e-04
  1.024000e+01       -290.2         794.3           5.0           B1F00T00R32       -690.2         794.3           5.0   -1.079557e-02   5.062942e-04   5.403718e-04
  1.024000e+01       -290.2         794.3           5.0           B1F00T00R33       -590.2         794.3           5.0   -5.781169e-03   2.134814e-04   2.892555e-04
  1.024000e+01       -290.2         794.3           5.0           B1F00T00R34       -490.2         794.3           5.0   -8.368121e-03   3.275174e-04   4.187264e-04
  1.024000e+01       -290.2         794.3           5.0           B1F00T00R35       -390.2         794.3           5.0   -1.666124e-01   4.015604e-03   8.333038e-03
  1.024000e+01       -290.2         794.3           5.0           B1F00T00R36       -190.2         794.3           5.0    2.798514e-02  -1.123713e-03   1.400384e-03
  1.024000e+01       -290.2         794.3           5.0           B1F00T00R37        -90.2         794.3           5.0    2.144267e-02  -7.829789e-04   1.072848e-03
  1.024000e+01       -290.2         794.3           5.0           B1F00T00R38          9.8         794.3           5.0    9.538721e-03  -3.817790e-04   4.773179e-04
  1.024000e+01       -290.2         794.3           5.0           B1F00T00R39        109.8         794.3           5.0    1.174845e-02  -4.111833e-04   5.877820e-04
  1.024000e+01        309.8         394.3           5.0           B1F00T01R00      -1290.2         394.3           5.0   -7.701012e-03   2.638122e-04   3.852764e-04
  1.024000e+01        309.8         394.3           5.0           B1F00T01R01      -1190.2         394.3           5.0   -1.475151e-02   5.109413e-04   7.380179e-04
  1.024000e+01        309.8         394.3           5.0           B1F00T01R02      -1090.2         394.3           5.0   -1.839753e-02   6.387633e-04   9.204306e-04
  1.024000e+01        309.8         394.3           5.0           B1F00T01R03       -990.2         394.3           5.0   -3.188094e-02   1.064141e-03   1.594935e-03
  1.024000e+01        309.8         394.3           5.0           B1F00T01R04       -890.2         394.3           5.0   -1.271112e-02   3.509173e-04   6.357983e-04
  1.024000e+01        309.8         394.3           5.0           B1F00T01R05       -790.2         394.3           5.0   -8.358672e-03   2.567916e-04   4.181308e-04
  1.024000e+01        309.8         394.3           5.0           B1F00T01R06       -690.2         394.3           5.0   -1.502325e-02   5.913504e-04   7.517443e-04
  1.024000e+01        309.8         394.3           5.0           B1F00T01R07       -590.2         394.3           5.0   -6.916235e-03   2.535988e-04   3.460441e-04
  1.024000e+01        309.8         394.3           5.0           B1F00T01R08       -490.2         394.3           5.0   -7.203577e-03   2.761638e-04   3.604435e-04
  1.024000e+01        309.8         394.3           5.0           B1F00T01R09       -390.2         394.3           5.0   -6.831312e-03   1.933566e-04   3.417024e-04
  1.024000e+01        309.8         394.3           5.0           B1F00T01R10       -290.2         394.3           5.0   -6.361076e-03   1.338136e-04   3.181242e-04
  1.024000e+01        309.8         394.3           5.0           B1F00T01R11       -190.2         394.3           5.0   -1.534929e-02   2.214302e-04   7.675446e-04
  1.024000e+01        309.8         394.3           5.0           B1F00T01R12        -90.2         394.3           5.0   -5.147713e-03   2.489424e-04   2.576864e-04
  1.024000e+01        309.8         394.3           5.0           B1F00T01R13          9.8         394.3           5.0   -1.191767e-02   4.973803e-04   5.964022e-04
  1.024000e+01        309.8         394.3           5.0           B1F00T01R14        109.8         394.3           5.0   -6.269989e-02   2.082077e-03   3.136723e-03
  1.024000e+01        309.8         394.3           5.0           B1F00T01R15        159.8         494.3           5.0    8.019716e-02  -6.134349e-04   4.009976e-03
  1.024000e+01        309.8         394.3           5.0           B1F00T01R16      -1340.2         694.3           5.0    2.676135e-03  -4.545721e-05   1.338260e-04
  1.024000e+01        309.8         394.3           5.0           B1F00T01R17      -1290.2         594.3           5.0    3.712794e-03  -1.168786e-04   1.857317e-04
  1.024000e+01        309.8         394.3           5.0           B1F00T01R18      -1190.2         594.3           5.0    7.280869e-03  -2.408354e-04   3.642425e-04
  1.024000e+01        309.8         394.3           5.0           B1F00T01R19      -1090.2         594.3           5.0    2.232291e-02  -7.870910e-04   1.116839e-03
  1.024000e+01        309.8         394.3           5.0           B1F00T01R20       -990.2         594.3           5.0    2.831077e-02  -9.387112e-04   1.416317e-03
  1.024000e+01        309.8         394.3           5.0           B1F00T01R21       -890.2         594.3           5.0    1.774547e-02  -5.705751e-04   8.877318e-04
  1.024000e+01        309.8         394.3           5.0           B1F00T01R22       -790.2         594.3           5.0    9.389006e-03  -2.661557e-04   4.696389e-04
  1.024000e+01        309.8         394.3           5.0           B1F00T01R23       -690.2         594.3           5.0    1.141688e-02  -4.724995e-04   5.713328e-04
  1.024000e+01        309.8         394.3           5.0           B1F00T01R24       -590.2         594.3           5.0    6.913121e-03  -2.682062e-04   3.459161e-04
  1.024000e+01        309.8         394.3           5.0           B1F00T01R25       -490.2         594.3           5.0    7.295808e-03  -2.425489e-04   3.649919e-04
  1.024000e+01        309.8         394.3           5.0           B1F00T01R26       -190.2         594.3           5.0    1.005214e-02  -1.358769e-04   5.026530e-04
  1.024000e+01        309.8         394.3           5.0           B1F00T01R27        -90.2         594.3           5.0    1.997414e-02  -2.909105e-04   9.988128e-04
  1.024000e+01        309.8         394.3           5.0           B1F00T01R28          9.8         594.3           5.0    3.536403e-02  -1.036094e-03   1.768960e-03
  1.024000e+01        309.8         394.3           5.0           B1F00T01R29        109.8         594.3           5.0    1.167979e-01  -2.480811e-03   5.841213e-03
  1.024000e+01        309.8         394.3           5.0           B1F00T01R30      -1290.2         794.3           5.0   -1.380978e-03   3.880562e-05   6.907614e-05
  1.024000e+01        309.8         394.3           5.0           B1F00T01R31      -1190.2         794.3           5.0   -3.649536e-03   1.007073e-04   1.825463e-04
  1.024000e+01        309.8         394.3           5.0           B1F00T01R32      -1090.2         794.3           5.0   -2.587637e-02   8.718350e-04   1.294553e-03
  1.024000e+01        309.8         394.3           5.0           B1F00T01R33       -990.2         794.3           5.0   -2.394904e-02   7.450422e-04   1.198031e-03
  1.024000e+01        309.8         394.3           5.0           B1F00T01R34       -890.2         794.3           5.0   -2.107634e-02   6.747547e-04   1.054357e-03
  1.024000e+01        309.8         394.3           5.0           B1F00T01R35       -790.2         794.3           5.0   -1.330811e-02   5.417929e-04   6.659566e-04
  1.024000e+01        309.8         394.3           5.0           B1F00T01R36       -690.2         794.3           5.0   -8.658491e-03   3.978762e-04   4.333814e-04
  1.024000e+01        309.8         394.3           5.0           B1F00T01R37       -590.2         794.3           5.0   -4.380688e-03   1.309623e-04   2.191322e-04
  1.024000e+01        309.8         394.3           5.0           B1F00T01R38       -490.2         794.3           5.0   -5.124617e-03   2.017042e-04   2.564292e-04
  1.024000e+01        309.8         394.3           5.0           B1F00T01R39       -390.2         794.3           5.0   -5.691112e-03   1.780319e-04   2.846948e-04
  1.024000e+01        309.8         394.3           5.0           B1F00T01R40       -290.2         794.3           5.0   -6.413441e-03   1.468292e-04   3.207561e-04
  1.024000e+01        309.8         394.3           5.0           B1F00T01R41       -190.2         794.3           5.0   -2.414020e-02   5.978686e-04   1.207380e-03
  1.024000e+01        309.8         394.3           5.0           B1F00T01R42        -90.2         794.3           5.0   -6.412076e-02   1.702926e-03   3.207169e-03
  1.024000e+01        309.8         394.3           5.0           B1F00T01R43          9.8         794.3           5.0   -4.843706e-02   1.229641e-03   2.422633e-03
  1.024000e+01        309.8         394.3           5.0           B1F00T01R44        109.8         794.3           5.0   -6.575709e-02   1.766307e-03   3.289040e-03
  1.024000e+01      -1290.2         394.3           5.0           B1F00T02R00      -1190.2         394.3           5.0    5.267918e-01  -5.323210e-03   2.634094e-02
  1.024000e+01      -1290.2         394.3           5.0           B1F00T02R01      -1090.2         394.3           5.0    1.709497e-01   5.495501e-04   8.547527e-03
  1.024000e+01      -1290.2         394.3           5.0           B1F00T02R02       -990.2         394.3           5.0    2.787543e-01  -2.994284e-03   1.393852e-02
  1.024000e+01      -1290.2         394.3           5.0           B1F00T02R03       -890.2         394.3           5.0    8.084873e-02  -4.472766e-04   4.042498e-03
  1.024000e+01      -1290.2         394.3           5.0           B1F00T02R04       -790.2         394.3           5.0    4.896588e-02  -3.372772e-04   2.448352e-03
  1.024000e+01      -1290.2         394.3           5.0           B1F00T02R05       -690.2         394.3           5.0    2.183909e-02  -8.772932e-04   1.092835e-03
  1.024000e+01      -1290.2         394.3           5.0           B1F00T02R06       -590.2         394.3           5.0    9.290223e-03  -3.114503e-04   4.647721e-04
  1.024000e+01      -1290.2         394.3           5.0           B1F00T02R07       -490.2         394.3           5.0    4.065648e-03  -1.671015e-04   2.034540e-04
  1.024000e+01      -1290.2         394.3           5.0           B1F00T02R08       -390.2         394.3           5.0    6.059910e-04   1.550321e-05   3.030947e-05
  1.024000e+01      -1290.2         394.3           5.0           B1F00T02R09      -1340.2         694.3           5.0    1.770815e-01  -1.870423e-03   8.854566e-03
  1.024000e+01      -1290.2         394.3           5.0           B1F00T02R10      -1190.2         594.3           5.0   -1.237358e-01   1.035878e-03   6.187004e-03
  1.024000e+01      -1290.2         394.3           5.0           B1F00T02R11      -1090.2         594.3           5.0   -2.166084e-01   2.119645e-03   1.083094e-02
  1.024000e+01      -1290.2         394.3           5.0           B1F00T02R12       -990.2         594.3           5.0   -2.384728e-01   2.472404e-03   1.192428e-02
  1.024000e+01      -1290.2         394.3           5.0           B1F00T02R13       -890.2         594.3           5.0   -1.184357e-01   1.161313e-03   5.922070e-03
  1.024000e+01      -1290.2         394.3           5.0           B1F00T02R14       -790.2         594.3           5.0   -5.184401e-02   2.709704e-04   2.592236e-03
  1.024000e+01      -1290.2         394.3           5.0           B1F00T02R15       -690.2         594.3           5.0   -2.107527e-02   8.235996e-04   1.054568e-03
  1.024000e+01      -1290.2         394.3           5.0           B1F00T02R16       -590.2         594.3           5.0   -1.025114e-02   4.140692e-04   5.129750e-04
  1.024000e+01      -1290.2         394.3           5.0           B1F00T02R17       -490.2         594.3           5.0   -3.653778e-03   1.756483e-04   1.828999e-04
  1.024000e+01      -1290.2         394.3           5.0           B1F00T02R18       -390.2         594.3           5.0   -1.661941e-03   4.831025e-05   8.313216e-05
  1.024000e+01      -1290.2         394.3           5.0           B1F00T02R19      -1190.2         794.3           5.0    3.020958e-02  -6.858957e-05   1.510483e-03
  1.024000e+01      -1290.2         394.3           5.0           B1F00T02R20      -1090.2         794.3           5.0    1.968329e-01  -1.920192e-03   9.842115e-03
  1.024000e+01      -1290.2         394.3           5.0           B1F00T02R21       -990.2         794.3           5.0    1.672189e-01  -1.231880e-03   8.361171e-03
  1.024000e+01      -1290.2         394.3           5.0           B1F00T02R22       -890.2         794.3           5.0    1.245693e-01  -9.611774e-04   6.228651e-03
  1.024000e+01      -1290.2         394.3           5.0           B1F00T02R23       -790.2         794.3           5.0    6.782566e-02  -1.209541e-03   3.391822e-03
  1.024000e+01      -1290.2         394.3           5.0           B1F00T02R24       -690.2         794.3           5.0    2.041212e-02  -8.459069e-04   1.021482e-03
  1.024000e+01      -1290.2         394.3           5.0           B1F00T02R25       -590.2         794.3           5.0    7.030367e-03  -3.004957e-04   3.518393e-04
  1.024000e+01      -1290.2         394.3           5.0           B1F00T02R26       -490.2         794.3           5.0    4.334302e-03  -2.196301e-04   2.169931e-04
  1.024000e+01      -1290.2         394.3           5.0           B1F00T02R27       -390.2         794.3           5.0    1.424423e-03  -6.439300e-05   7.129388e-05
  1.024000e+01      -1290.2         394.3           5.0           B1F00T02R28       -290.2         794.3           5.0    3.006015e-03  -4.127671e-05   1.503149e-04
  1.024000e+01      -1290.2         394.3           5.0           B1F00T02R29          9.8         794.3           5.0    1.018803e-03  -8.149197e-05   5.110284e-05
  1.024000e+01        209.8         794.3           5.0           B1F00T03R00      -1290.2         394.3           5.0   -7.057877e-03   2.424439e-04   3.531020e-04
  1.024000e+01        209.8         794.3           5.0           B1F00T03R01      -1190.2         394.3           5.0   -1.275744e-02   4.617987e-04   6.382900e-04
  1.024000e+01        209.8         794.3           5.0           B1F00T03R02      -1090.2         394.3           5.0   -1.494629e-02   5.809926e-04   7.478790e-04
  1.024000e+01        209.8         794.3           5.0           B1F00T03R03       -990.2         394.3           5.0   -2.708102e-02   9.893630e-04   1.354955e-03
  1.024000e+01        209.8         794.3           5.0           B1F00T03R04       -890.2         394.3           5.0   -1.088112e-02   3.175096e-04   5.442874e-04
  1.024000e+01        209.8         794.3           5.0           B1F00T03R05       -790.2         394.3           5.0   -7.093343e-03   2.350319e-04   3.548618e-04
  1.024000e+01        209.8         794.3           5.0           B1F00T03R06       -690.2         394.3           5.0   -1.212010e-02   5.098850e-04   6.065412e-04
  1.024000e+01        209.8         794.3           5.0           B1F00T03R07       -590.2         394.3           5.0   -5.460322e-03   2.230582e-04   2.732438e-04
  1.024000e+01        209.8         794.3           5.0           B1F00T03R08       -490.2         394.3           5.0   -5.187131e-03   2.140351e-04   2.595772e-04
  1.024000e+01        209.8         794.3           5.0           B1F00T03R09       -390.2         394.3           5.0   -4.549299e-03   1.220178e-04   2.275468e-04
  1.024000e+01        209.8         794.3           5.0           B1F00T03R10       -290.2         394.3           5.0   -3.499167e-03   6.466376e-05   1.749882e-04
  1.024000e+01        209.8         794.3           5.0           B1F00T03R11       -190.2         394.3           5.0   -1.336390e-02   4.279307e-06   6.681952e-04
  1.024000e+01        209.8         794.3           5.0           B1F00T03R12          9.8         394.3           5.0   -9.069776e-03   3.218570e-04   4.537743e-04
  1.024000e+01        209.8         794.3           5.0           B1F00T03R13        109.8         394.3           5.0   -3.245543e-02   1.091403e-03   1.623689e-03
  1.024000e+01        209.8         794.3           5.0           B1F00T03R14        159.8         494.3           5.0   -2.192924e-01   3.829082e-03   1.096629e-02
  1.024000e+01        209.8         794.3           5.0           B1F00T03R15      -1340.2         694.3           5.0   -3.332446e-03   5.677066e-05   1.666465e-04
  1.024000e+01        209.8         794.3           5.0           B1F00T03R16      -1190.2         594.3           5.0    6.105637e-03  -2.233537e-04   3.054861e-04
  1.024000e+01        209.8         794.3           5.0           B1F00T03R17      -1090.2         594.3           5.0    1.826600e-02  -7.208362e-04   9.140108e-04
  1.024000e+01        209.8         794.3           5.0           B1F00T03R18       -990.2         594.3           5.0    2.384522e-02  -8.841519e-04   1.193081e-03
  1.024000e+01        209.8         794.3           5.0           B1F00T03R19       -890.2         594.3           5.0    1.524841e-02  -5.358741e-04   7.628912e-04
  1.024000e+01        209.8         794.3           5.0           B1F00T03R20       -790.2         594.3           5.0    8.062625e-03  -2.534677e-04   4.033304e-04
  1.024000e+01        209.8         794.3           5.0           B1F00T03R21       -690.2         594.3           5.0    9.508267e-03  -4.359822e-04   4.759128e-04
  1.024000e+01        209.8         794.3           5.0           B1F00T03R22       -590.2         594.3           5.0    5.697562e-03  -2.432933e-04   2.851377e-04
  1.024000e+01        209.8         794.3           5.0           B1F00T03R23       -490.2         594.3           5.0    4.619984e-03  -1.672996e-04   2.311506e-04
  1.024000e+01        209.8         794.3           5.0           B1F00T03R24       -390.2         594.3           5.0    3.460165e-03  -9.241084e-05   1.730699e-04
  1.024000e+01        209.8         794.3           5.0           B1F00T03R25       -290.2         594.3           5.0    4.302334e-03  -1.082265e-04   2.151847e-04
  1.024000e+01        209.8         794.3           5.0           B1F00T03R26       -190.2         594.3           5.0    1.935632e-02  -2.569269e-04   9.679012e-04
  1.024000e+01        209.8         794.3           5.0           B1F00T03R27        -90.2         594.3           5.0    3.529382e-02  -4.834427e-04   1.764857e-03
  1.024000e+01        209.8         794.3           5.0           B1F00T03R28          9.8         594.3           5.0    4.501957e-02  -1.151169e-03   2.251714e-03
  1.024000e+01        209.8         794.3           5.0           B1F00T03R29        109.8         594.3           5.0    1.767188e-01  -3.738372e-03   8.837919e-03
  1.024000e+01        209.8         794.3           5.0           B1F00T03R30      -1290.2         794.3           5.0   -1.230657e-03   3.737688e-05   6.156123e-05
  1.024000e+01        209.8         794.3           5.0           B1F00T03R31      -1190.2         794.3           5.0   -3.154015e-03   9.480468e-05   1.577720e-04
  1.024000e+01        209.8         794.3           5.0           B1F00T03R32      -1090.2         794.3           5.0   -2.218011e-02   8.203114e-04   1.109764e-03
  1.024000e+01        209.8         794.3           5.0           B1F00T03R33       -990.2         794.3           5.0   -2.027769e-02   7.149629e-04   1.014515e-03
  1.024000e+01        209.8         794.3           5.0           B1F00T03R34       -890.2         794.3           5.0   -1.817297e-02   6.412158e-04   9.092141e-04
  1.024000e+01        209.8         794.3           5.0           B1F00T03R35       -790.2         794.3           5.0   -1.141354e-02   5.156037e-04   5.712591e-04
  1.024000e+01        209.8         794.3           5.0           B1F00T03R36       -690.2         794.3           5.0   -7.673651e-03   3.637684e-04   3.841134e-04
  1.024000e+01        209.8         794.3           5.0           B1F00T03R37       -590.2         794.3           5.0   -3.970718e-03   1.570482e-04   1.986911e-04
  1.024000e+01        209.8         794.3           5.0           B1F00T03R38       -490.2         794.3           5.0   -3.996515e-03   1.591403e-04   1.999841e-04
  1.024000e+01        209.8         794.3           5.0           B1F00T03R39       -390.2         794.3           5.0   -5.540129e-03   1.174401e-04   2.770687e-04
  1.024000e+01        209.8         794.3           5.0           B1F00T03R40       -290.2         794.3           5.0   -4.529263e-03   1.843536e-04   2.266507e-04
  1.024000e+01        209.8         794.3           5.0           B1F00T03R41       -190.2         794.3           5.0   -7.284472e-02   1.798699e-03   3.643346e-03
  1.024000e+01        209.8         794.3           5.0           B1F00T03R42        -90.2         794.3           5.0   -2.191690e-01   4.817920e-03   1.096110e-02
  1.024000e+01        209.8         794.3           5.0           B1F00T03R43          9.8         794.3           5.0   -2.214001e-01   3.045847e-03   1.107105e-02
  1.024000e+01        209.8         794.3           5.0           B1F00T03R44        109.8         794.3           5.0   -4.668134e-01   2.603118e-03   2.334103e-02
  1.024000e+01       -890.2         594.3           5.0           B1F00T04R00      -1290.2         394.3           5.0   -3.648855e-02   6.319735e-04   1.824701e-03
  1.024000e+01       -890.2         594.3           5.0           B1F00T04R01      -1190.2         394.3           5.0   -1.061267e-01   1.665047e-03   5.306986e-03
  1.024000e+01       -890.2         594.3           5.0           B1F00T04R02      -1090.2         394.3           5.0   -1.522772e-01   2.031931e-03   7.614535e-03
  1.024000e+01       -890.2         594.3           5.0           B1F00T04R03       -990.2         394.3           5.0   -3.143796e-01   4.691490e-03   1.572073e-02
  1.024000e+01       -890.2         594.3           5.0           B1F00T04R04       -790.2         394.3           5.0    2.783265e-01  -1.607852e-03   1.391656e-02
  1.024000e+01       -890.2         594.3           5.0           B1F00T04R05       -690.2         394.3           5.0    9.615173e-02  -4.134757e-03   4.812029e-03
  1.024000e+01       -890.2         594.3           5.0           B1F00T04R06       -590.2         394.3           5.0    3.787645e-02  -1.356389e-03   1.895036e-03
  1.024000e+01       -890.2         594.3           5.0           B1F00T04R07       -490.2         394.3           5.0    1.487644e-02  -7.518801e-04   7.447716e-04
  1.024000e+01       -890.2         594.3           5.0           B1F00T04R08       -390.2         394.3           5.0    1.753499e-03  -7.359764e-05   8.775215e-05
  1.024000e+01       -890.2         594.3           5.0           B1F00T04R09       -290.2         394.3           5.0    7.291714e-04  -1.007549e-05   3.646205e-05
  1.024000e+01       -890.2         594.3           5.0           B1F00T04R10       -190.2         394.3           5.0    1.647377e-03  -4.401465e-05   8.239827e-05
  1.024000e+01       -890.2         594.3           5.0           B1F00T04R11        109.8         394.3           5.0    1.509317e-03  -7.769533e-05   7.556578e-05
  1.024000e+01       -890.2         594.3           5.0           B1F00T04R12        159.8         494.3           5.0   -5.395175e-03   2.521528e-04   2.700532e-04
  1.024000e+01       -890.2         594.3           5.0           B1F00T04R13      -1290.2         594.3           5.0    2.123881e-02  -3.000057e-04   1.062047e-03
  1.024000e+01       -890.2         594.3           5.0           B1F00T04R14      -1190.2         594.3           5.0    6.101013e-02  -8.462505e-04   3.050800e-03
  1.024000e+01       -890.2         594.3           5.0           B1F00T04R15      -1090.2         594.3           5.0    3.030031e-01  -3.573888e-03   1.515121e-02
  1.024000e+01       -890.2         594.3           5.0           B1F00T04R16       -990.2         594.3           5.0    1.138244e+00  -9.542387e-03   5.691418e-02
  1.024000e+01       -890.2         594.3           5.0           B1F00T04R17       -790.2         594.3           5.0   -7.818177e-01   4.039744e-03   3.909141e-02
  1.024000e+01       -890.2         594.3           5.0           B1F00T04R18       -690.2         594.3           5.0   -1.068332e-01   4.429766e-03   5.346250e-03
  1.024000e+01       -890.2         594.3           5.0           B1F00T04R19       -590.2         594.3           5.0   -4.416600e-02   1.859948e-03   2.210257e-03
  1.024000e+01       -890.2         594.3           5.0           B1F00T04R20       -490.2         594.3           5.0   -1.088266e-02   5.988789e-04   5.449563e-04
  1.024000e+01       -890.2         594.3           5.0           B1F00T04R21       -390.2         594.3           5.0   -2.862064e-03   5.177373e-05   1.431266e-04
  1.024000e+01       -890.2         594.3           5.0           B1F00T04R22       -190.2         594.3           5.0   -8.740092e-04  -5.293946e-06   4.370126e-05
  1.024000e+01       -890.2         594.3           5.0           B1F00T04R23        -90.2         594.3           5.0   -1.412304e-03   3.145330e-05   7.063270e-05
  1.024000e+01       -890.2         594.3           5.0           B1F00T04R24          9.8         594.3           5.0   -1.823763e-03   7.282139e-05   9.126081e-05
  1.024000e+01       -890.2         594.3           5.0           B1F00T04R25        109.8         594.3           5.0   -5.743123e-03   2.621972e-04   2.874552e-04
  1.024000e+01       -890.2         594.3           5.0           B1F00T04R26      -1290.2         794.3           5.0   -6.998200e-03   8.467322e-05   3.499356e-04
  1.024000e+01       -890.2         594.3           5.0           B1F00T04R27      -1190.2         794.3           5.0   -2.216846e-02   2.764456e-04   1.108509e-03
  1.024000e+01       -890.2         594.3           5.0           B1F00T04R28      -1090.2         794.3           5.0   -1.940880e-01   2.931105e-03   9.705508e-03
  1.024000e+01       -890.2         594.3           5.0           B1F00T04R29       -990.2         794.3           5.0   -2.885139e-01   3.767593e-03   1.442692e-02
  1.024000e+01       -890.2         594.3           5.0           B1F00T04R30       -790.2         794.3           5.0    1.726422e-01  -2.280542e-03   8.632864e-03
  1.024000e+01       -890.2         594.3           5.0           B1F00T04R31       -690.2         794.3           5.0    6.557796e-02  -2.687579e-03   3.281650e-03
  1.024000e+01       -890.2         594.3           5.0           B1F00T04R32       -590.2         794.3           5.0    2.303937e-02  -1.021207e-03   1.153100e-03
  1.024000e+01       -890.2         594.3           5.0           B1F00T04R33       -490.2         794.3           5.0    1.269646e-02  -6.671957e-04   6.356989e-04
  1.024000e+01       -890.2         594.3           5.0           B1F00T04R34       -390.2         794.3           5.0    3.229892e-03  -9.987414e-05   1.615718e-04
  1.024000e+01       -890.2         594.3           5.0           B1F00T04R35       -290.2         794.3           5.0    3.298945e-03  -3.041247e-05   1.649543e-04
  1.024000e+01       -890.2         594.3           5.0           B1F00T04R36       -190.2         794.3           5.0    2.494308e-03  -1.301079e-04   1.248850e-04
  1.024000e+01       -890.2         594.3           5.0           B1F00T04R37        -90.2         794.3           5.0    7.550703e-03  -3.315180e-04   3.778988e-04
  1.024000e+01       -890.2         594.3           5.0           B1F00T04R38          9.8         794.3           5.0    5.490330e-03  -2.191384e-04   2.747351e-04
  1.024000e+01       -890.2         594.3           5.0           B1F00T04R39        109.8         794.3           5.0    7.384917e-03  -2.716033e-04   3.694955e-04
  1.024000e+01          9.8         594.3           5.0           B1F00T05R00      -1290.2         394.3           5.0   -8.486222e-03   2.946932e-04   4.245668e-04
  1.024000e+01          9.8         594.3           5.0           B1F00T05R01      -1190.2         394.3           5.0   -1.672706e-02   6.015032e-04   8.368936e-04
  1.024000e+01          9.8         594.3           5.0           B1F00T05R02      -1090.2         394.3           5.0   -2.144913e-02   7.567444e-04   1.073124e-03
  1.024000e+01          9.8         594.3           5.0           B1F00T05R03       -990.2         394.3           5.0   -3.554251e-02   1.275886e-03   1.778270e-03
  1.024000e+01          9.8         594.3           5.0           B1F00T05R04       -890.2         394.3           5.0   -1.469259e-02   4.052571e-04   7.349087e-04
  1.024000e+01          9.8         594.3           5.0           B1F00T05R05       -790.2         394.3           5.0   -9.534179e-03   3.089736e-04   4.769592e-04
  1.024000e+01          9.8         594.3           5.0           B1F00T05R06       -690.2         394.3           5.0   -1.715531e-02   7.073969e-04   8.584945e-04
  1.024000e+01          9.8         594.3           5.0           B1F00T05R07       -590.2         394.3           5.0   -8.218444e-03   3.205711e-04   4.112347e-04
  1.024000e+01          9.8         594.3           5.0           B1F00T05R08       -490.2         394.3           5.0   -8.819733e-03   3.684512e-04   4.413713e-04
  1.024000e+01          9.8         594.3           5.0           B1F00T05R09       -390.2         394.3           5.0   -6.962356e-03   1.830384e-04   3.482381e-04
  1.024000e+01          9.8         594.3           5.0           B1F00T05R10       -290.2         394.3           5.0   -2.045718e-03  -6.910776e-06   1.022865e-04
  1.024000e+01          9.8         594.3           5.0           B1F00T05R11        109.8         394.3           5.0    9.909056e-03  -2.656762e-04   4.956309e-04
  1.024000e+01          9.8         594.3           5.0           B1F00T05R12        159.8         494.3           5.0   -7.586246e-02   7.698849e-04   3.793318e-03
  1.024000e+01          9.8         594.3           5.0           B1F00T05R13      -1340.2         694.3           5.0    2.335459e-03  -3.523991e-05   1.167862e-04
  1.024000e+01          9.8         594.3           5.0           B1F00T05R14      -1290.2         594.3           5.0    4.140537e-03  -1.352393e-04   2.071372e-04
  1.024000e+01          9.8         594.3           5.0           B1F00T05R15      -1190.2         594.3           5.0    8.382676e-03  -2.904303e-04   4.193853e-04
  1.024000e+01          9.8         594.3           5.0           B1F00T05R16      -1090.2         594.3           5.0    2.604973e-02  -9.621210e-04   1.303374e-03
  1.024000e+01          9.8         594.3           5.0           B1F00T05R17       -990.2         594.3           5.0    3.238943e-02  -1.152850e-03   1.620497e-03
  1.024000e+01          9.8         594.3           5.0           B1F00T05R18       -890.2         594.3           5.0    2.035197e-02  -7.035808e-04   1.018207e-03
  1.024000e+01          9.8         594.3           5.0           B1F00T05R19       -790.2         594.3           5.0    1.073716e-02  -3.152520e-04   5.370892e-04
  1.024000e+01          9.8         594.3           5.0           B1F00T05R20       -690.2         594.3           5.0    1.312046e-02  -5.704869e-04   6.566430e-04
  1.024000e+01          9.8         594.3           5.0           B1F00T05R21       -590.2         594.3           5.0    8.029085e-03  -3.322411e-04   4.017978e-04
  1.024000e+01          9.8         594.3           5.0           B1F00T05R22       -490.2         594.3           5.0    9.190506e-03  -3.325374e-04   4.598260e-04
  1.024000e+01          9.8         594.3           5.0           B1F00T05R23       -390.2         594.3           5.0    8.818089e-03  -2.534105e-04   4.410865e-04
  1.024000e+01          9.8         594.3           5.0           B1F00T05R24       -290.2         594.3           5.0    2.528526e-03  -5.044735e-05   1.264514e-04
  1.024000e+01          9.8         594.3           5.0           B1F00T05R25       -190.2         594.3           5.0    7.877226e-02  -1.631453e-03   3.939458e-03
  1.024000e+01          9.8         594.3           5.0           B1F00T05R26        -90.2         594.3           5.0    3.422577e-01  -5.312465e-03   1.711495e-02
  1.024000e+01          9.8         594.3           5.0           B1F00T05R27      -1190.2         794.3           5.0   -4.121233e-03   1.218178e-04   2.061516e-04
  1.024000e+01          9.8         594.3           5.0           B1F00T05R28      -1090.2         794.3           5.0   -2.965450e-02   1.038319e-03   1.483634e-03
  1.024000e+01          9.8         594.3           5.0           B1F00T05R29       -990.2         794.3           5.0   -2.756323e-02   9.173953e-04   1.378925e-03
  1.024000e+01          9.8         594.3           5.0           B1F00T05R30       -890.2         794.3           5.0   -2.428617e-02   8.189055e-04   1.214998e-03
  1.024000e+01          9.8         594.3           5.0           B1F00T05R31       -790.2         794.3           5.0   -1.524317e-02   6.527867e-04   7.628570e-04
  1.024000e+01          9.8         594.3           5.0           B1F00T05R32       -690.2         794.3           5.0   -9.861100e-03   4.702185e-04   4.936152e-04
  1.024000e+01          9.8         594.3           5.0           B1F00T05R33       -590.2         794.3           5.0   -4.999822e-03   1.969789e-04   2.501851e-04
  1.024000e+01          9.8         594.3           5.0           B1F00T05R34       -490.2         794.3           5.0   -6.167527e-03   2.609824e-04   3.086523e-04
  1.024000e+01          9.8         594.3           5.0           B1F00T05R35       -390.2         794.3           5.0   -6.951798e-03   2.335433e-04   3.477860e-04
  1.024000e+01          9.8         594.3           5.0           B1F00T05R36       -290.2         794.3           5.0   -1.511213e-02   2.619386e-04   7.557197e-04
  1.024000e+01          9.8         594.3           5.0           B1F00T05R37       -190.2         794.3           5.0   -8.794888e-02   9.279203e-04   4.397689e-03
  1.024000e+01          9.8         594.3           5.0           B1F00T05R38        -90.2         794.3           5.0   -5.298732e-02   6.995350e-04   2.649597e-03
  1.024000e+01          9.8         594.3           5.0           B1F00T05R39        109.8         794.3           5.0    7.368819e-02  -1.013239e-03   3.684758e-03
  1.024000e+01       -490.2         394.3           5.0           B1F00T06R00      -1290.2         394.3           5.0   -9.255369e-03   3.277316e-04   4.630585e-04
  1.024000e+01       -490.2         394.3           5.0           B1F00T06R01      -1190.2         394.3           5.0   -1.916353e-02   7.089232e-04   9.588321e-04
  1.024000e+01       -490.2         394.3           5.0           B1F00T06R02      -1090.2         394.3           5.0   -2.330286e-02   8.811643e-04   1.165976e-03
  1.024000e+01       -490.2         394.3           5.0           B1F00T06R03       -990.2         394.3           5.0   -4.131417e-02   1.477006e-03   2.067028e-03
  1.024000e+01       -490.2         394.3           5.0           B1F00T06R04       -890.2         394.3           5.0   -1.687391e-02   5.752557e-04   8.441857e-04
  1.024000e+01       -490.2         394.3           5.0           B1F00T06R05       -790.2         394.3           5.0   -1.551708e-02   5.754788e-04   7.763874e-04
  1.024000e+01       -490.2         394.3           5.0           B1F00T06R06       -690.2         394.3           5.0   -1.718934e-01   6.783199e-03   8.601357e-03
  1.024000e+01       -490.2         394.3           5.0           B1F00T06R07       -590.2         394.3           5.0   -5.705085e-01   1.752563e-02   2.853888e-02
  1.024000e+01       -490.2         394.3           5.0           B1F00T06R08       -390.2         394.3           5.0    3.351638e-02  -2.460325e-03   1.680328e-03
  1.024000e+01       -490.2         394.3           5.0           B1F00T06R09       -290.2         394.3           5.0    1.180447e-03   1.433452e-05   5.902672e-05
  1.024000e+01       -490.2         394.3           5.0           B1F00T06R10       -190.2         394.3           5.0    2.773444e-03  -1.588454e-05   1.386745e-04
  1.024000e+01       -490.2         394.3           5.0           B1F00T06R11          9.8         394.3           5.0    6.692474e-04  -3.988664e-05   3.352175e-05
  1.024000e+01       -490.2         394.3           5.0           B1F00T06R12        109.8         394.3           5.0    2.425479e-03  -1.233622e-04   1.214307e-04
  1.024000e+01       -490.2         394.3           5.0           B1F00T06R13        159.8         494.3           5.0    9.320548e-03  -3.834593e-04   4.664216e-04
  1.024000e+01       -490.2         394.3           5.0           B1F00T06R14      -1340.2         694.3           5.0    2.223404e-03  -3.099326e-05   1.111810e-04
  1.024000e+01       -490.2         394.3           5.0           B1F00T06R15      -1290.2         594.3           5.0    4.442758e-03  -1.419965e-04   2.222513e-04
  1.024000e+01       -490.2         394.3           5.0           B1F00T06R16      -1190.2         594.3           5.0    9.480407e-03  -3.399751e-04   4.743251e-04
  1.024000e+01       -490.2         394.3           5.0           B1F00T06R17      -1090.2         594.3           5.0    2.918613e-02  -1.117013e-03   1.460375e-03
  1.024000e+01       -490.2         394.3           5.0           B1F00T06R18       -990.2         594.3           5.0    3.673125e-02  -1.345361e-03   1.837794e-03
  1.024000e+01       -490.2         394.3           5.0           B1F00T06R19       -890.2         594.3           5.0    2.350853e-02  -9.018327e-04   1.176291e-03
  1.024000e+01       -490.2         394.3           5.0           B1F00T06R20       -790.2         594.3           5.0    8.497972e-03   2.896551e-04   4.251454e-04
  1.024000e+01       -490.2         394.3           5.0           B1F00T06R21       -690.2         594.3           5.0    4.748026e-02  -2.266941e-03   2.376717e-03
  1.024000e+01       -490.2         394.3           5.0           B1F00T06R22       -190.2         594.3           5.0   -1.742256e-03   4.767030e-05   8.714538e-05
  1.024000e+01       -490.2         394.3           5.0           B1F00T06R23        -90.2         594.3           5.0   -2.582041e-03   8.054797e-05   1.291649e-04
  1.024000e+01       -490.2         394.3           5.0           B1F00T06R24          9.8         594.3           5.0   -2.702455e-03   1.225227e-04   1.352615e-04
  1.024000e+01       -490.2         394.3           5.0           B1F00T06R25        109.8         594.3           5.0   -9.320359e-03   4.252483e-04   4.665028e-04
  1.024000e+01       -490.2         394.3           5.0           B1F00T06R26      -1290.2         794.3           5.0   -1.624361e-03   5.147735e-05   8.125881e-05
  1.024000e+01       -490.2         394.3           5.0           B1F00T06R27      -1190.2         794.3           5.0   -4.463457e-03   1.328030e-04   2.232716e-04
  1.024000e+01      -1190.2         794.3           5.0           B1F00T07R00      -1290.2         394.3           5.0   -3.973418e-02   2.533904e-04   1.986750e-03
  1.024000e+01      -1190.2         794.3           5.0           B1F00T07R01      -1090.2         394.3           5.0    1.669876e-01  -1.744954e-03   8.349835e-03
  1.024000e+01      -1190.2         794.3           5.0           B1F00T07R02       -990.2         394.3           5.0    2.403023e-01  -2.029665e-03   1.201554e-02
  1.024000e+01      -1190.2         794.3           5.0           B1F00T07R03       -890.2         394.3           5.0    6.654636e-02  -3.265424e-04   3.327358e-03
  1.024000e+01      -1190.2         794.3           5.0           B1F00T07R04       -790.2         394.3           5.0    4.378076e-02  -1.988787e-04   2.189061e-03
  1.024000e+01      -1190.2         794.3           5.0           B1F00T07R05       -690.2         394.3           5.0    2.090895e-02  -8.086672e-04   1.046229e-03
  1.024000e+01      -1190.2         794.3           5.0           B1F00T07R06       -590.2         394.3           5.0    8.788064e-03  -3.307900e-04   4.397144e-04
  1.024000e+01      -1190.2         794.3           5.0           B1F00T07R07       -490.2         394.3           5.0    3.862704e-03  -2.011530e-04   1.933969e-04
  1.024000e+01      -1190.2         794.3           5.0           B1F00T07R08       -390.2         394.3           5.0    6.215235e-04  -2.496019e-05   3.110123e-05
  1.024000e+01      -1190.2         794.3           5.0           B1F00T07R09      -1340.2         694.3           5.0   -8.452669e-02   5.405865e-04   4.226421e-03
  1.024000e+01      -1190.2         794.3           5.0           B1F00T07R10      -1290.2         594.3           5.0    5.205258e-02  -3.524121e-04   2.602689e-03
  1.024000e+01      -1190.2         794.3           5.0           B1F00T07R11      -1090.2         594.3           5.0   -3.202979e-01   3.283247e-03   1.601574e-02
  1.024000e+01      -1190.2         794.3           5.0           B1F00T07R12       -990.2         594.3           5.0   -2.630973e-01   2.258326e-03   1.315535e-02
  1.024000e+01      -1190.2         794.3           5.0           B1F00T07R13       -890.2         594.3           5.0   -1.237221e-01   1.176883e-03   6.186385e-03
  1.024000e+01      -1190.2         794.3           5.0           B1F00T07R14       -790.2         594.3           5.0   -3.980477e-02  -8.462685e-04   1.990688e-03
  1.024000e+01      -1190.2         794.3           5.0           B1F00T07R15       -690.2         594.3           5.0   -2.252613e-02   7.766886e-04   1.126976e-03
  1.024000e+01      -1190.2         794.3           5.0           B1F00T07R16       -590.2         594.3           5.0   -1.091352e-02   4.067991e-04   5.460550e-04
  1.024000e+01      -1190.2         794.3           5.0           B1F00T07R17       -490.2         594.3           5.0   -4.138531e-03   1.881304e-04   2.071402e-04
  1.024000e+01      -1190.2         794.3           5.0           B1F00T07R18      -1290.2         794.3           5.0   -1.245157e-01   8.802114e-04   6.225941e-03
  1.024000e+01      -1190.2         794.3           5.0           B1F00T07R19      -1090.2         794.3           5.0    4.509050e-01  -4.036202e-03   2.254615e-02
  1.024000e+01      -1190.2         794.3           5.0           B1F00T07R20       -990.2         794.3           5.0    2.565927e-01  -1.671002e-03   1.282991e-02
  1.024000e+01      -1190.2         794.3           5.0           B1F00T07R21       -890.2         794.3           5.0    1.628956e-01  -1.086443e-03   8.144963e-03
  1.024000e+01      -1190.2         794.3           5.0           B1F00T07R22       -790.2         794.3           5.0    9.112716e-02  -1.516710e-03   4.556989e-03
  1.024000e+01      -1190.2         794.3           5.0           B1F00T07R23       -690.2         794.3           5.0    2.508469e-02  -9.450079e-04   1.255124e-03
  1.024000e+01      -1190.2         794.3           5.0           B1F00T07R24       -590.2         794.3           5.0    8.358778e-03  -2.975856e-04   4.182037e-04
  1.024000e+01      -1190.2         794.3           5.0           B1F00T07R25       -490.2         794.3           5.0    5.027858e-03  -1.919430e-04   2.515760e-04
  1.024000e+01      -1190.2         794.3           5.0           B1F00T07R26       -390.2         794.3           5.0    1.684678e-03  -2.239499e-05   8.424133e-05
  1.024000e+01      -1190.2         794.3           5.0           B1F00T07R27       -290.2         794.3           5.0    3.865901e-03   3.831507e-06   1.932951e-04
  1.024000e+01      -1190.2         794.3           5.0           B1F00T07R28       -190.2         794.3           5.0    1.694955e-03  -6.601576e-05   8.481199e-05
  1.024000e+01        -90.2         394.3           5.0           B1F00T08R00      -1290.2         394.3           5.0   -8.594332e-03   3.005841e-04   4.299793e-04
  1.024000e+01        -90.2         394.3           5.0           B1F00T08R01      -1190.2         394.3           5.0   -1.717200e-02   6.157526e-04   8.591519e-04
  1.024000e+01        -90.2         394.3           5.0           B1F00T08R02      -1090.2         394.3           5.0   -2.178316e-02   7.748512e-04   1.089847e-03
  1.024000e+01        -90.2         394.3           5.0           B1F00T08R03       -990.2         394.3           5.0   -3.679071e-02   1.276052e-03   1.840642e-03
  1.024000e+01        -90.2         394.3           5.0           B1F00T08R04       -890.2         394.3           5.0   -1.459651e-02   4.076154e-04   7.301099e-04
  1.024000e+01        -90.2         394.3           5.0           B1F00T08R05       -790.2         394.3           5.0   -9.691838e-03   3.006652e-04   4.848250e-04
  1.024000e+01        -90.2         394.3           5.0           B1F00T08R06       -690.2         394.3           5.0   -1.765240e-02   7.146507e-04   8.833430e-04
  1.024000e+01        -90.2         394.3           5.0           B1F00T08R07       -590.2         394.3           5.0   -8.328076e-03   3.188249e-04   4.167088e-04
  1.024000e+01        -90.2         394.3           5.0           B1F00T08R08       -490.2         394.3           5.0   -9.055585e-03   3.684553e-04   4.531539e-04
  1.024000e+01        -90.2         394.3           5.0           B1F00T08R09       -390.2         394.3           5.0   -8.886022e-03   2.790000e-04   4.445200e-04
  1.024000e+01        -90.2         394.3           5.0           B1F00T08R10       -290.2         394.3           5.0   -1.893483e-02   1.428975e-04   9.467683e-04
  1.024000e+01        -90.2         394.3           5.0           B1F00T08R11       -190.2         394.3           5.0   -5.745042e-01   3.303118e-02   2.877265e-02
  1.024000e+01        -90.2         394.3           5.0           B1F00T08R12          9.8         394.3           5.0    3.804180e-01  -2.212660e-02   1.905305e-02
  1.024000e+01        -90.2         394.3           5.0           B1F00T08R13        109.8         394.3           5.0    9.945357e-03  -4.636682e-04   4.978080e-04
  1.024000e+01        -90.2         394.3           5.0           B1F00T08R14        159.8         494.3           5.0    2.166880e-02  -8.249224e-04   1.084225e-03
  1.024000e+01        -90.2         394.3           5.0           B1F00T08R15      -1340.2         694.3           5.0    2.253014e-03  -3.377195e-05   1.126633e-04
  1.024000e+01        -90.2         394.3           5.0           B1F00T08R16      -1290.2         594.3           5.0    4.209294e-03  -1.388667e-04   2.105792e-04
  1.024000e+01        -90.2         394.3           5.0           B1F00T08R17      -1190.2         594.3           5.0    8.566028e-03  -2.990438e-04   4.285623e-04
  1.024000e+01        -90.2         394.3           5.0           B1F00T08R18      -1090.2         594.3           5.0    2.666902e-02  -9.736201e-04   1.334339e-03
  1.024000e+01        -90.2         394.3           5.0           B1F00T08R19       -990.2         594.3           5.0    3.311478e-02  -1.150062e-03   1.656737e-03
  1.024000e+01        -90.2         394.3           5.0           B1F00T08R20       -890.2         594.3           5.0    2.064523e-02  -7.071674e-04   1.032867e-03
  1.024000e+01        -90.2         394.3           5.0           B1F00T08R21       -790.2         594.3           5.0    1.086735e-02  -3.136564e-04   5.435936e-04
  1.024000e+01        -90.2         394.3           5.0           B1F00T08R22       -690.2         594.3           5.0    1.336370e-02  -5.731857e-04   6.687991e-04
  1.024000e+01        -90.2         394.3           5.0           B1F00T08R23       -590.2         594.3           5.0    8.151885e-03  -3.333327e-04   4.079349e-04
  1.024000e+01        -90.2         394.3           5.0           B1F00T08R24       -490.2         594.3           5.0    9.495244e-03  -3.424101e-04   4.750708e-04
  1.024000e+01        -90.2         394.3           5.0           B1F00T08R25       -190.2         594.3           5.0    2.538749e-03   1.518556e-05   1.269397e-04
  1.024000e+01        -90.2         394.3           5.0           B1F00T08R26          9.8         594.3           5.0   -8.060872e-03   1.994160e-04   4.031669e-04
  1.024000e+01        -90.2         394.3           5.0           B1F00T08R27        109.8         594.3           5.0   -8.203011e-03   3.622165e-04   4.105502e-04
  1.024000e+01        -90.2         394.3           5.0           B1F00T08R28      -1290.2         794.3           5.0   -1.550441e-03   4.592332e-05   7.755606e-05
  1.024000e+01        -90.2         394.3           5.0           B1F00T08R29      -1190.2         794.3           5.0   -4.203402e-03   1.223531e-04   2.102591e-04
  1.024000e+01        -90.2         394.3           5.0           B1F00T08R30      -1090.2         794.3           5.0   -3.018236e-02   1.048076e-03   1.510027e-03
  1.024000e+01        -90.2         394.3           5.0           B1F00T08R31       -990.2         794.3           5.0   -2.805139e-02   9.106030e-04   1.403308e-03
  1.024000e+01        -90.2         394.3           5.0           B1F00T08R32       -890.2         794.3           5.0   -2.460710e-02   8.167832e-04   1.231033e-03
  1.024000e+01        -90.2         394.3           5.0           B1F00T08R33       -790.2         794.3           5.0   -1.567116e-02   6.657523e-04   7.842646e-04
  1.024000e+01        -90.2         394.3           5.0           B1F00T08R34       -690.2         794.3           5.0   -9.949451e-03   4.741848e-04   4.980372e-04
  1.024000e+01        -90.2         394.3           5.0           B1F00T08R35       -490.2         794.3           5.0   -6.236241e-03   2.623453e-04   3.120878e-04
  1.024000e+01        -90.2         394.3           5.0           B1F00T08R36       -390.2         794.3           5.0   -6.435231e-03   2.388078e-04   3.219830e-04
  1.024000e+01        -90.2         394.3           5.0           B1F00T08R37       -290.2         794.3           5.0   -7.878041e-03   1.843647e-04   3.940099e-04
  1.024000e+01        -90.2         394.3           5.0           B1F00T08R38          9.8         794.3           5.0    6.028852e-03  -2.441735e-04   3.016897e-04
  1.024000e+01        -90.2         394.3           5.0           B1F00T08R39        109.8         794.3           5.0    1.091806e-02  -3.261012e-04   5.461463e-04
